312
57
82
198
26
103
266
156
254
3
229
51
26
307
58
310
105
208
227
104
234
28
110
90
3
113
236
150
100
161
7
152
248
230
52
65
250
30
290
140
144
26
47
243
39
293
80
40
163
139
123
106
90
122
62
34
178
93
278
250
274
271
118
302
260
214
276
108
129
223
304
194
142
223
150
136
8
98
215
174
195
51
185
280
22
153
210
124
215
79
255
39
30
13
289
182
161
15
27
38
276
134
108
185
120
250
93
246
206
246
208
275
88
251
11
38
1
203
29
75
268
20
76
226
20
111
196
76
288
304
186
241
129
151
142
268
44
240
155
38
42
69
201
144
18
125
14
202
251
74
279
244
162
44
184
80
63
56
170
85
19
49
297
93
265
83
233
270
82
285
28
165
71
56
284
76
14
5
153
122
240
48
82
258
73
283
211
89
88
24
187
29
103
7
178
150
29
101
155
95
191
58
261
151
149
60
229
30
91
228
221
41
225
285
233
126
19
29
232
209
156
78
183
222
123
123
191
126
200
91
59
178
121
31
148
143
186
71
42
168
40
108
69
222
110
210
70
163
228
189
175
112
194
298
142
164
31
286
88
183
261
120
96
172
220
253
138
213
285
84
181
253
262
269
77
90
147
67
88
241
212
206
43
21
109
26
287
12
258
117
189
299
280
22
10
4
231
216
26
149
247
306
113
254
31
175
155
269
59
131
45
231
247
75
237
12
245
293
176
162
306
115
68
290
228
133
32
132
6
169
23
139
179
292
67
227
73
201
300
120
218
160
277
134
81
181
85
251
105
107
265
300
264
245
84
244
266
133
40
259
217
70
120
134
230
73
21
84
158
119
224
154
11
182
271
136
131
222
45
276
61
164
71
92
262
186
143
182
27
157
239
91
127
99
14
188
298
162
20
75
55
235
39
118
104
154
37
295
13
257
68
44
42
117
159
114
10
270
165
160
207
170
108
267
24
176
309
209
57
235
35
193
77
13
6
118
8
192
118
128
3
306
282
146
99
177
144
79
291
249
72
272
198
29
33
211
291
41
130
159
117
231
168
25
190
144
13
70
61
84
141
159
310
241
182
184
94
102
39
9
96
281
234
172
103
263
167
225
166
47
154
116
110
32
35
187
43
169
7
125
46
257
208
219
91
111
232
93
214
132
257
277
48
167
62
174
294
195
176
52
33
139
22
115
25
288
161
116
20
51
89
214
127
128
4
171
274
98
170
58
233
287
49
188
226
278
264
41
236
157
146
158
302
145
204
258
275
156
173
113
196
83
103
140
147
17
119
196
267
25
126
272
138
193
265
50
311
243
127
83
227
38
216
202
256
203
155
109
66
121
264
85
175
5
44
37
49
10
213
281
260
55
2
55
188
69
3
204
5
283
54
27
85
185
60
65
138
279
60
221
146
177
299
190
165
284
217
121
249
169
168
177
11
240
74
67
239
15
184
77
187
180
220
217
54
277
207
281
12
198
35
92
51
1
140
43
171
152
89
312
41
32
191
256
168
286
111
230
28
42
62
33
194
246
74
136
68
46
105
112
191
30
308
273
235
54
18
280
201
61
160
9
137
256
189
96
137
86
87
200
253
23
296
153
1
64
202
106
261
147
18
170
17
66
293
112
32
295
97
173
100
2
114
237
192
216
23
36
300
81
130
259
143
211
54
135
297
16
28
23
55
200
163
224
117
95
86
99
65
174
72
107
95
86
173
94
275
231
131
211
20
252
36
66
133
189
148
273
129
152
192
15
35
112
40
46
92
259
18
63
53
183
115
179
197
292
92
125
49
301
104
33
212
303
50
295
203
272
221
64
64
239
199
12
232
301
109
98
102
145
102
274
21
218
54
132
79
268
138
72
202
53
136
166
119
124
99
94
53
8
289
199
80
238
16
226
214
305
122
135
294
207
60
238
181
197
53
100
263
78
264
66
171
242
219
50
279
106
52
76
247
98
130
104
96
106
158
73
223
128
234
167
303
296
164
70
119
151
4
145
65
175
2
62
17
180
75
212
36
8
63
218
210
266
139
24
219
46
283
185
288
252
72
19
165
9
242
255
137
107
87
101
260
287
209
78
263
15
121
190
71
163
130
141
248
74
254
48
114
116
124
282
172
193
81
11
229
47
57
51
36
146
224
16
157
94
244
206
248
215
120
205
132
75
85
97
149
141
236
267
43
148
94
59
21
278
95
48
180
288
283
193
37
158
213
197
162
101
87
238
225
151
59
56
186
45
34
195
25
34
135
123
205
270
52
97
166
57
148
199
6
