75
4
46
28
42
19
14
55
42
17
6
14
58
18
1
71
62
56
72
16
51
55
14
26
67
3
25
4
17
9
18
35
54
43
22
58
16
54
50
42
50
13
45
38
27
7
37
54
45
38
18
66
53
52
12
32
51
63
28
30
4
56
31
19
69
25
6
8
3
23
10
65
48
58
12
60
27
31
61
42
4
19
33
16
65
51
47
49
55
8
65
37
44
6
36
10
12
9
31
46
41
22
13
37
45
55
35
3
19
23
36
11
53
39
28
23
10
43
14
51
13
21
2
29
5
51
57
22
9
38
54
60
52
50
3
8
70
5
21
47
59
38
48
32
52
2
15
66
38
72
4
4
9
23
36
27
5
45
11
6
12
10
63
12
29
35
72
40
30
42
33
25
54
34
13
45
7
8
5
14
52
25
73
10
58
31
15
39
9
28
71
27
14
61
52
32
62
51
32
19
44
39
59
28
17
6
4
53
40
2
2
35
40
2
63
75
16
20
10
27
34
41
6
68
57
23
66
15
28
21
1
71
24
1
40
17
54
67
20
1
56
11
54
67
62
44
50
32
6
52
57
50
43
32
13
68
18
5
42
44
21
50
22
14
14
40
45
48
63
33
7
2
15
29
36
48
47
24
49
65
47
8
21
39
59
45
2
29
35
22
29
13
22
24
9
26
70
31
23
31
39
14
41
50
7
53
2
25
29
20
29
34
41
28
12
26
62
1
44
62
10
68
9
70
60
74
2
3
38
42
34
22
42
62
45
39
66
40
12
58
30
62
3
39
36
30
74
44
21
37
49
27
11
62
7
2
17
61
37
31
49
4
36
42
7
41
8
38
56
22
12
34
44
28
8
39
68
16
57
54
17
70
19
3
15
4
21
3
17
22
23
59
62
27
25
8
43
57
25
1
37
46
46
53
4
66
68
37
15
14
30
41
7
25
52
4
35
20
45
23
10
19
30
46
15
7
32
11
43
18
27
13
50
14
48
69
53
31
38
44
22
15
3
11
64
26
35
30
22
14
71
17
27
24
53
34
47
11
33
58
14
26
62
39
46
12
35
72
74
34
38
40
3
63
66
29
46
6
61
17
60
55
52
34
61
13
59
39
67
5
53
73
45
53
43
38
60
23
64
30
9
18
9
67
12
29
20
17
3
49
30
48
56
1
29
39
35
22
13
11
51
45
15
16
14
8
43
69
8
12
48
9
11
7
20
25
24
41
16
61
61
21
33
18
11
15
43
32
46
44
38
30
60
65
59
68
37
9
50
66
64
51
24
31
59
7
35
23
49
49
22
57
43
24
11
24
57
16
32
22
54
27
31
4
53
72
18
26
32
37
47
21
23
21
63
25
23
23
66
28
36
46
5
46
28
1
36
38
40
43
26
42
23
27
19
19
30
51
16
42
45
1
52
51
5
26
34
21
4
43
5
55
18
37
3
5
1
35
29
68
15
11
11
35
10
25
35
31
62
44
61
11
39
47
42
34
20
48
29
3
11
21
39
20
7
29
30
18
52
28
29
1
5
30
46
31
11
38
49
54
31
36
40
33
57
50
24
6
32
62
57
47
68
21
65
16
2
36
28
67
12
20
28
8
48
28
45
39
46
70
47
24
74
53
46
58
21
17
49
65
58
12
56
60
8
58
41
29
41
41
60
38
53
24
57
13
65
33
22
15
47
28
11
2
55
16
3
10
33
18
42
7
27
60
66
3
54
27
10
48
51
38
15
4
40
34
21
73
57
50
12
47
52
5
61
37
24
58
32
6
64
25
44
49
56
31
15
50
60
47
64
27
35
10
40
13
43
14
51
48
6
42
5
18
36
15
1
6
32
19
71
45
55
61
20
1
66
9
16
1
41
3
2
37
64
53
41
9
53
40
48
63
16
67
27
25
55
7
9
28
55
6
29
39
4
64
36
20
33
1
17
5
67
18
16
59
6
66
63
43
63
48
56
64
1
26
7
34
7
40
3
69
62
24
58
34
52
32
27
4
33
8
59
13
17
8
7
56
20
4
57
59
13
13
33
9
43
1
16
28
56
37
51
17
10
39
18
43
2
41
42
55
5
56
71
36
37
17
45
25
64
19
69
59
19
44
52
49
24
69
26
19
10
36
55
33
68
35
70
10
41
54
56
50
4
40
18
48
24
6
19
65
38
73
62
62
31
61
20
4
21
5
26
20
32
29
15
4
24
70
48
32
14
25
65
23
64
31
60
50
44
2
48
6
26
36
33
2
28
30
26
33
25
12
19
22
51
20
10
47
17
