31
20
7
22
24
20
5
1
14
4
5
17
23
26
11
13
23
11
15
14
18
1
9
8
3
24
11
20
13
29
25
8
8
14
25
3
5
21
23
18
10
30
10
25
7
17
8
10
7
13
22
14
5
23
21
22
17
7
7
12
27
2
22
20
10
6
2
15
13
22
20
3
11
9
17
4
22
7
24
4
2
8
20
16
10
9
18
11
2
16
5
21
7
13
19
8
8
6
1
1
15
13
16
15
14
20
9
24
24
22
8
22
17
1
22
16
15
5
13
6
29
5
5
13
11
14
11
3
3
2
6
10
23
9
2
28
12
12
4
15
18
6
15
25
25
3
20
5
5
6
12
25
6
3
5
18
12
3
21
14
16
2
6
1
12
28
7
14
18
15
6
1
16
5
17
15
8
19
5
9
7
4
16
25
2
7
22
4
18
13
5
2
2
9
15
21
18
11
15
6
3
24
19
11
26
1
16
2
3
23
25
16
9
22
10
8
10
24
21
21
20
24
2
4
16
24
13
15
8
26
3
10
17
8
16
20
2
10
15
12
14
18
17
25
2
19
7
6
24
5
8
16
2
14
3
20
25
19
18
20
23
24
4
13
12
5
15
4
20
18
3
8
1
19
14
15
19
4
20
12
3
9
12
23
21
6
7
4
30
7
4
15
13
10
3
15
11
12
1
8
21
13
8
7
2
9
25
8
16
2
2
7
18
14
13
16
23
13
31
5
20
2
10
11
15
5
15
17
27
5
19
7
2
10
10
26
4
7
1
11
21
15
4
20
24
7
26
29
4
27
16
16
25
18
8
27
13
18
7
9
22
23
4
20
4
13
23
5
4
7
12
12
21
17
22
5
19
19
11
6
10
7
1
26
3
3
9
1
6
24
9
7
23
21
14
17
14
21
1
14
23
7
5
20
9
20
10
13
27
24
17
9
22
12
5
26
13
8
13
14
20
11
17
19
4
11
19
7
4
17
3
12
11
15
14
14
13
6
3
14
4
21
2
6
10
22
14
8
24
4
10
12
5
6
12
22
1
15
7
21
8
16
14
15
23
23
13
8
6
22
8
3
24
26
9
10
19
26
26
19
18
5
18
7
17
6
12
18
5
28
7
2
13
6
29
25
5
12
22
13
27
11
10
15
10
1
12
1
4
26
3
11
11
18
1
29
9
10
28
11
2
12
14
16
22
18
17
10
14
1
10
16
7
23
18
18
10
21
14
10
9
4
7
24
26
6
9
3
20
21
12
23
13
10
24
24
16
4
22
6
16
14
15
3
19
16
18
28
22
6
3
6
12
20
15
8
25
10
17
7
11
2
6
3
1
24
14
22
19
1
14
24
7
22
11
26
12
5
7
6
10
20
23
17
19
9
17
20
26
10
7
5
1
2
16
23
4
9
7
23
1
8
20
17
6
13
12
22
8
25
2
9
7
6
11
28
3
5
22
11
21
22
6
27
27
2
1
10
2
14
18
5
7
12
25
6
26
25
1
3
9
9
9
12
13
30
2
12
11
5
5
23
9
7
15
18
3
4
10
9
2
6
29
13
13
21
25
1
1
8
12
6
9
27
16
20
7
12
15
10
23
5
21
10
27
3
21
13
21
17
3
5
26
26
1
14
9
19
12
17
24
27
22
16
6
8
6
27
11
21
7
9
15
24
27
2
10
11
24
23
7
18
12
17
16
4
6
13
27
11
28
8
4
1
25
1
12
1
9
10
27
29
5
23
10
15
2
25
15
21
2
20
14
19
3
26
24
20
3
2
21
3
28
14
24
8
14
19
10
25
18
5
21
11
21
24
12
22
17
16
3
7
9
16
2
23
5
4
28
15
11
3
6
7
4
22
9
6
10
24
15
5
11
4
20
21
14
17
9
4
19
8
16
20
10
4
27
15
4
17
5
20
1
8
25
17
9
3
2
4
3
11
16
2
9
6
6
9
9
8
19
18
13
7
9
13
16
24
23
14
24
6
13
16
13
16
7
2
19
9
11
6
4
21
20
4
16
10
3
13
17
19
14
11
4
9
20
13
1
18
19
3
5
4
17
6
27
2
16
24
26
5
17
16
23
15
7
4
14
18
3
12
11
29
3
11
1
25
27
2
12
10
3
3
12
21
1
23
23
17
17
11
19
15
8
11
19
16
5
19
1
11
7
18
12
8
17
6
1
16
9
2
12
11
21
3
19
22
14
3
12
8
7
12
25
13
9
21
5
15
6
12
8
1
12
2
25
18
4
10
22
8
16
15
4
13
21
1
20
16
28
