191
23
9
174
63
109
41
38
128
28
186
187
50
74
27
119
102
59
70
85
157
141
172
79
65
166
115
64
67
11
119
179
101
13
171
20
5
120
87
48
45
86
133
138
18
71
90
2
18
148
136
130
91
42
146
45
114
115
116
119
29
82
100
128
165
56
106
57
157
65
17
84
30
14
162
175
46
15
80
22
64
84
106
106
118
166
2
14
37
95
160
55
115
164
118
45
96
5
132
84
47
72
89
100
24
165
151
61
116
21
64
116
32
161
138
95
106
76
151
41
30
131
50
41
118
127
152
58
122
38
35
16
182
7
175
15
91
40
82
73
137
163
161
78
15
85
121
152
93
144
114
101
131
111
66
34
186
51
107
184
11
89
127
159
82
39
69
113
28
91
47
86
103
5
86
179
55
2
131
108
138
73
133
12
148
72
22
157
77
68
92
6
50
92
36
63
145
42
7
19
156
12
117
137
104
111
134
3
153
20
97
127
17
64
18
22
146
42
129
39
105
46
3
173
78
53
33
68
91
3
183
32
6
87
72
28
178
23
53
150
161
56
25
142
115
85
139
156
34
42
162
161
27
117
141
5
34
125
151
75
17
30
157
14
121
156
162
9
59
187
131
56
143
52
102
66
131
102
3
123
129
16
50
135
154
38
87
8
35
86
136
56
37
26
59
127
23
60
78
168
42
43
163
74
44
85
107
45
84
82
156
79
151
26
128
32
31
145
112
54
57
13
10
28
78
85
104
35
141
68
29
127
66
139
46
71
41
57
114
18
126
126
178
4
79
184
37
65
115
84
139
110
45
12
82
169
155
153
180
77
80
117
81
21
58
3
184
64
76
185
75
149
83
148
120
86
120
8
110
133
190
58
97
25
112
80
77
99
167
189
129
95
149
25
70
153
10
169
121
36
172
98
159
77
97
55
77
145
37
104
117
80
12
49
136
113
7
147
19
98
142
113
100
112
17
25
120
35
164
125
188
110
154
68
159
124
164
168
19
23
40
46
134
94
72
102
132
21
124
189
173
62
57
177
140
33
152
38
116
20
45
100
92
149
1
158
20
143
160
12
105
59
158
143
62
183
98
134
68
80
53
51
69
22
176
43
128
95
17
6
52
19
107
175
11
26
121
13
82
55
40
59
55
83
150
27
15
88
83
36
92
8
48
136
99
171
127
99
144
89
52
62
119
16
13
3
180
37
23
125
155
24
29
110
182
4
46
10
38
95
179
49
66
25
161
119
24
31
104
37
173
23
15
34
164
14
161
147
60
1
1
148
43
155
146
70
36
60
40
188
30
103
43
153
28
93
135
102
10
34
1
11
14
46
31
51
109
140
78
20
97
81
26
7
154
17
152
123
67
81
32
159
93
122
142
88
22
167
99
173
39
114
111
135
9
29
181
109
51
35
132
35
9
83
54
181
60
133
18
83
114
6
100
36
131
170
147
44
166
123
85
8
44
63
137
49
90
55
150
4
54
98
126
94
76
185
47
70
188
185
13
158
59
16
109
122
123
81
110
143
48
71
154
29
31
177
66
16
98
122
83
31
61
76
79
33
56
54
174
58
130
61
180
8
26
44
174
168
5
97
39
48
170
117
53
129
18
16
72
122
40
60
118
137
120
107
91
41
20
73
150
93
26
178
38
65
88
68
10
13
158
191
170
179
108
144
172
149
138
130
96
112
13
69
48
89
3
34
11
12
6
172
146
124
52
5
74
75
140
56
48
171
165
61
190
90
144
121
54
111
69
86
92
126
28
69
162
50
21
2
101
28
71
15
87
17
87
166
20
159
105
153
67
108
32
128
149
163
44
182
12
6
57
116
156
75
47
24
74
158
63
27
101
139
21
104
79
141
174
43
134
132
94
124
80
167
95
2
171
71
62
78
89
117
151
132
41
176
110
27
113
76
125
185
140
181
54
62
133
58
92
67
113
163
25
163
16
106
74
11
70
72
96
141
118
87
94
8
4
135
39
107
166
31
30
145
24
27
103
63
103
138
73
106
121
108
40
44
75
52
90
130
19
33
143
101
182
60
19
40
96
170
34
145
103
52
169
73
1
61
129
81
183
111
119
122
74
51
167
10
126
91
100
94
67
124
169
89
94
49
19
4
9
93
115
2
103
96
155
168
183
33
140
177
53
112
90
136
130
157
176
49
148
36
155
50
7
76
150
108
165
142
63
90
3
121
160
122
49
64
1
93
22
30
101
113
88
57
65
112
99
37
42
125
132
4
33
105
160
2
135
53
47
144
73
168
147
104
62
109
9
