124
81
105
59
50
9
27
61
73
26
106
13
14
24
45
114
84
54
13
45
72
16
79
90
35
3
54
6
80
58
10
69
74
87
78
62
91
25
4
81
38
50
66
9
53
13
11
91
72
23
38
103
87
43
76
51
111
104
48
68
69
111
88
12
15
27
97
28
68
77
30
36
75
29
75
101
26
58
62
119
102
54
84
55
12
25
5
44
54
8
18
48
64
59
113
8
74
91
15
116
9
54
60
24
109
49
80
57
93
92
67
87
45
108
77
79
3
59
19
7
53
114
51
110
109
93
21
92
75
52
57
42
94
104
12
45
95
43
94
26
59
27
14
4
95
110
1
53
32
99
13
51
18
83
19
30
54
16
16
101
107
84
97
43
77
46
49
112
4
20
22
73
48
55
32
24
101
71
47
96
47
5
47
114
60
50
50
16
106
84
85
99
76
51
105
1
102
58
25
82
67
12
39
1
73
78
8
28
94
73
66
62
17
50
111
17
11
1
22
66
76
46
42
76
85
46
12
18
24
69
1
3
16
68
94
78
67
117
57
80
57
57
51
56
22
52
21
5
72
21
110
13
42
85
74
122
100
102
33
30
36
28
109
56
75
21
121
50
90
60
100
33
79
2
40
14
68
10
120
100
6
16
71
41
25
43
24
85
104
63
20
7
14
34
58
51
88
4
66
11
5
25
70
38
47
10
53
15
82
8
14
15
56
35
35
103
118
65
51
33
22
42
34
52
22
93
53
82
75
14
53
27
29
7
48
6
101
3
83
80
123
116
11
55
58
108
101
35
105
86
6
20
20
71
93
76
97
91
31
103
43
118
35
17
107
83
23
2
90
22
37
15
23
34
46
41
71
122
33
99
22
12
26
44
26
116
88
15
38
15
61
90
23
18
87
71
112
26
99
4
88
11
9
113
59
82
44
80
71
31
41
96
13
48
37
39
104
56
90
33
106
99
44
58
98
31
49
87
93
76
6
60
105
98
120
31
32
57
80
39
91
61
3
63
75
1
19
26
124
67
72
73
33
19
101
1
52
115
14
78
5
104
12
38
63
19
67
69
64
102
40
23
40
107
91
41
77
44
7
117
79
65
90
83
86
20
108
47
21
93
74
10
99
70
32
23
14
32
53
104
7
97
65
29
103
10
42
47
79
67
54
68
21
47
73
45
85
69
81
4
83
88
31
56
79
119
92
60
4
65
35
12
112
96
28
17
113
13
7
4
51
40
77
102
37
123
110
54
74
50
25
98
11
71
84
46
66
95
105
44
61
63
37
105
56
64
68
48
74
24
112
62
92
52
58
78
51
61
37
101
31
95
10
5
73
97
79
103
107
2
35
40
80
55
63
25
56
63
96
91
50
26
92
92
70
100
20
42
19
54
36
86
122
122
115
39
32
6
66
20
108
9
5
27
49
15
38
87
118
113
27
27
2
36
121
62
49
38
49
27
41
60
23
41
70
15
22
69
37
109
33
73
30
15
64
48
5
93
81
77
118
89
21
83
43
35
34
44
96
47
38
112
31
29
24
115
88
49
32
84
42
69
7
121
69
83
38
34
55
49
65
21
14
2
30
16
119
106
53
5
8
32
10
59
30
111
109
68
81
14
28
51
5
78
102
43
4
23
1
107
100
92
61
3
61
17
1
106
3
90
50
37
34
108
22
43
4
74
23
59
40
12
85
60
47
117
8
55
18
49
9
103
28
43
62
120
122
39
97
22
114
13
34
94
35
85
97
67
96
53
45
26
29
2
89
95
89
79
87
52
11
11
70
36
28
82
52
119
26
30
1
72
17
64
70
36
86
99
46
41
89
11
115
10
86
117
17
120
32
41
92
10
86
16
74
9
29
67
27
84
62
9
37
10
22
112
109
96
17
103
57
81
18
24
111
31
111
94
104
98
9
65
38
48
81
25
59
18
13
83
84
82
7
66
75
52
84
64
7
36
40
29
8
72
70
13
11
34
46
18
31
33
89
77
118
64
19
2
45
76
95
39
19
21
121
14
93
48
39
42
86
66
30
98
46
30
44
12
60
34
58
36
114
98
17
68
74
91
78
63
105
112
82
34
8
37
6
106
72
20
109
46
43
11
59
30
18
20
43
86
68
16
100
16
15
12
100
85
2
52
20
45
65
18
3
83
67
39
33
29
29
102
77
7
28
100
67
107
46
74
66
15
62
116
40
90
61
103
64
70
8
57
24
6
88
15
56
42
61
72
110
52
76
80
63
89
55
65
75
53
78
9
55
81
29
61
6
6
5
32
86
