26
9
15
15
1
1
4
3
1
16
1
25
8
13
5
24
23
11
11
4
17
5
24
7
14
6
23
23
9
10
17
20
17
22
4
22
12
3
12
19
7
3
10
20
11
5
9
15
8
8
16
22
9
6
11
2
10
14
2
12
11
17
6
16
10
12
6
11
20
15
10
22
19
19
13
13
3
15
8
25
12
19
2
19
16
7
21
21
9
22
24
5
16
10
6
3
23
15
7
4
4
20
15
11
18
7
19
22
1
18
11
16
19
10
13
10
7
2
12
24
12
2
21
5
7
14
8
10
9
14
7
17
12
2
14
13
8
22
17
4
9
6
12
13
10
19
9
8
17
7
15
4
11
13
3
17
4
16
17
13
12
11
23
5
3
18
11
14
18
13
20
16
8
3
21
5
5
26
20
20
16
10
1
6
3
13
1
7
5
18
9
21
14
10
9
5
2
7
19
16
9
3
12
26
6
2
6
4
1
5
15
18
19
14
1
5
14
1
7
24
22
21
1
18
3
8
15
6
2
20
20
21
3
13
6
4
2
17
19
4
8
20
7
11
5
14
18
7
2
10
2
