12
1
5
8
4
7
1
3
2
6
9
5
6
1
2
12
2
6
7
5
5
2
1
3
6
8
4
10
3
5
5
7
7
6
4
6
8
1
2
4
1
8
10
3
3
11
1
3
3
6
4
1
9
4
5
1
9
1
10
3
2
4
5
1
9
9
2
9
7
2
9
7
4
6
7
10
5
6
5
3
10
5
7
8
6
2
1
1
1
8
4
2
2
2
2
4
5
3
4
7
4
7
1
8
2
3
7
5
2
7
1
3
3
8
6
3
3
6
2
6
6
3
6
6
3
4
1
5
6
9
1
7
4
2
5
2
4
3
2
1
9
5
7
4
6
7
7
2
3
4
5
9
3
4
8
6
5
8
2
8
7
3
5
12
6
1
6
8
4
7
10
4
4
5
5
4
1
5
6
8
7
7
1
1
5
9
10
9
7
4
4
9
10
2
9
3
1
2
4
2
4
1
8
10
10
7
8
3
1
2
6
6
7
1
3
8
2
2
7
7
10
1
6
3
4
6
4
3
4
4
3
11
5
8
6
3
4
3
9
9
5
2
1
7
3
5
5
5
1
8
7
