61
57
54
13
39
10
26
34
23
19
51
49
28
17
16
10
36
16
46
9
47
20
1
32
37
17
46
26
45
18
56
15
58
42
31
18
33
57
7
38
25
18
39
10
41
53
36
15
7
43
29
16
1
30
40
11
38
24
13
10
52
31
12
50
44
13
10
50
19
49
23
55
5
49
37
13
10
50
9
19
6
6
38
28
27
8
17
5
21
21
29
48
23
35
14
8
18
35
30
30
3
46
61
30
32
2
47
14
42
48
30
4
51
16
11
53
39
2
37
56
29
28
19
45
7
60
2
29
42
35
27
11
18
41
58
34
8
41
20
15
15
21
59
4
31
31
48
2
34
1
43
25
36
52
33
12
34
9
55
53
21
6
54
48
3
40
15
3
8
45
49
19
37
6
57
44
47
22
34
4
20
43
45
44
23
20
1
2
27
26
7
17
24
24
46
41
42
11
12
13
43
1
27
33
26
19
28
32
16
42
22
47
14
33
54
20
51
25
22
4
36
22
9
3
59
44
40
56
37
6
24
25
23
51
28
41
25
11
24
50
5
4
12
8
3
14
12
35
22
29
5
