96
82
16
34
28
56
66
38
5
47
12
53
45
13
85
36
32
43
44
74
25
10
17
71
18
8
40
51
31
44
44
12
57
23
14
65
45
59
34
24
64
81
70
41
17
46
18
24
13
59
38
61
57
32
29
90
21
36
77
27
66
9
28
31
70
74
4
41
50
40
7
15
2
2
47
4
85
94
39
71
65
7
67
79
15
22
26
54
29
63
87
72
83
9
55
45
6
40
4
16
74
33
52
3
24
1
72
25
37
3
23
9
50
48
1
11
10
56
55
32
75
58
67
23
90
86
49
10
66
8
48
91
68
15
17
43
14
22
86
78
3
36
13
84
62
60
57
42
24
55
49
11
46
37
19
77
26
54
80
41
63
12
39
84
79
78
44
19
59
2
5
69
93
19
39
30
82
20
60
63
11
72
30
35
60
49
14
21
54
34
94
43
38
35
4
16
6
54
88
33
21
52
37
76
92
46
25
42
75
68
42
7
69
5
62
87
51
83
22
63
89
6
27
81
73
47
28
89
29
82
64
48
70
1
67
35
50
31
76
95
20
33
52
18
96
58
7
61
73
53
8
