42
2
3
18
19
34
35
14
23
31
15
7
24
34
38
1
10
25
30
6
18
35
25
31
1
11
36
28
15
26
5
10
6
7
8
24
27
21
34
32
8
10
9
25
8
39
35
2
20
6
11
19
27
18
8
37
18
17
28
19
18
14
13
29
31
12
40
16
29
23
15
9
30
26
21
13
5
18
25
38
16
4
1
7
10
20
22
9
6
16
24
29
37
21
15
10
11
33
28
12
15
20
1
27
9
28
7
34
12
14
3
1
4
32
3
6
39
22
17
33
18
23
6
37
32
14
9
2
22
28
21
20
6
35
39
11
41
26
4
8
30
42
20
19
30
36
3
23
4
10
30
3
5
12
1
21
37
2
13
8
29
12
35
24
26
29
1
23
10
38
27
31
13
22
22
12
2
11
17
24
2
17
3
31
7
34
21
16
4
7
24
36
4
17
13
33
25
24
30
5
16
19
33
18
34
14
23
14
21
40
4
15
5
4
14
20
19
20
9
33
11
8
3
11
30
39
13
27
5
42
26
31
19
32
12
6
11
13
17
2
3
35
32
16
7
16
14
29
37
15
13
