500 12565
1 28
1 29
1 54
1 56
1 59
1 67
1 82
1 102
1 120
1 125
1 128
1 145
1 154
1 170
1 179
1 184
1 192
1 199
1 207
1 233
1 236
1 277
1 279
1 321
1 328
1 330
1 341
1 353
1 355
1 364
1 365
1 368
1 372
1 391
1 394
1 403
1 408
1 412
1 415
1 421
1 434
1 438
1 450
1 455
1 457
1 462
1 465
1 467
1 480
1 494
1 495
1 500
2 28
2 30
2 31
2 33
2 49
2 52
2 54
2 62
2 63
2 64
2 89
2 96
2 106
2 132
2 139
2 173
2 185
2 186
2 190
2 200
2 201
2 219
2 225
2 231
2 248
2 261
2 263
2 264
2 268
2 271
2 286
2 309
2 314
2 318
2 329
2 339
2 355
2 360
2 372
2 394
2 404
2 405
2 408
2 418
2 419
2 420
2 428
2 430
2 455
2 462
2 471
2 484
2 488
2 491
2 496
2 499
3 12
3 13
3 21
3 24
3 30
3 34
3 43
3 45
3 51
3 64
3 70
3 80
3 89
3 92
3 94
3 96
3 109
3 113
3 120
3 125
3 136
3 137
3 146
3 148
3 160
3 183
3 186
3 194
3 228
3 234
3 249
3 250
3 254
3 256
3 264
3 268
3 303
3 320
3 326
3 329
3 344
3 367
3 371
3 373
3 377
3 381
3 390
3 391
3 402
3 404
3 405
3 427
3 438
3 439
3 451
3 481
3 485
3 494
4 38
4 62
4 83
4 99
4 106
4 110
4 133
4 156
4 157
4 168
4 175
4 211
4 219
4 225
4 226
4 229
4 240
4 271
4 302
4 305
4 308
4 319
4 320
4 324
4 353
4 368
4 370
4 380
4 382
4 392
4 403
4 429
4 435
4 445
4 454
4 461
4 492
4 496
5 10
5 16
5 57
5 77
5 103
5 112
5 129
5 146
5 155
5 158
5 176
5 187
5 199
5 203
5 209
5 211
5 225
5 229
5 242
5 243
5 252
5 258
5 259
5 273
5 274
5 312
5 318
5 323
5 337
5 372
5 386
5 394
5 409
5 422
5 425
5 427
5 443
5 456
5 467
5 478
6 7
6 8
6 13
6 38
6 57
6 58
6 98
6 115
6 133
6 135
6 136
6 149
6 158
6 169
6 173
6 182
6 202
6 208
6 210
6 211
6 217
6 224
6 225
6 227
6 235
6 242
6 248
6 249
6 255
6 259
6 273
6 279
6 280
6 285
6 286
6 304
6 306
6 310
6 357
6 364
6 366
6 380
6 390
6 408
6 414
6 428
6 429
6 438
6 439
6 440
6 446
6 455
6 479
7 8
7 14
7 38
7 43
7 61
7 82
7 83
7 101
7 107
7 116
7 124
7 130
7 145
7 146
7 150
7 152
7 183
7 192
7 197
7 199
7 206
7 222
7 245
7 246
7 274
7 289
7 299
7 300
7 310
7 321
7 331
7 333
7 335
7 337
7 342
7 386
7 393
7 398
7 401
7 402
7 408
7 411
7 418
7 432
7 435
7 439
7 462
7 468
7 478
7 481
7 492
7 497
8 10
8 14
8 17
8 57
8 69
8 70
8 79
8 118
8 129
8 130
8 143
8 159
8 163
8 164
8 185
8 191
8 192
8 216
8 231
8 233
8 236
8 254
8 261
8 271
8 296
8 297
8 304
8 316
8 324
8 332
8 342
8 370
8 376
8 388
8 390
8 400
8 401
8 410
8 411
8 421
8 451
8 465
8 472
8 479
8 480
8 481
8 488
8 490
8 500
9 16
9 19
9 44
9 56
9 65
9 71
9 78
9 82
9 84
9 139
9 152
9 158
9 159
9 178
9 189
9 196
9 207
9 223
9 225
9 235
9 240
9 256
9 258
9 275
9 321
9 332
9 338
9 343
9 348
9 390
9 402
9 415
9 428
9 436
9 457
9 474
9 475
9 476
9 480
9 483
10 24
10 25
10 39
10 51
10 61
10 63
10 64
10 97
10 106
10 109
10 113
10 121
10 123
10 127
10 135
10 140
10 157
10 163
10 180
10 184
10 186
10 194
10 196
10 207
10 211
10 216
10 224
10 243
10 247
10 253
10 260
10 274
10 282
10 287
10 322
10 323
10 326
10 333
10 360
10 367
10 397
10 398
10 402
10 412
10 419
10 433
10 452
10 454
10 470
10 472
10 497
11 38
11 46
11 59
11 74
11 77
11 82
11 92
11 116
11 133
11 137
11 147
11 149
11 155
11 161
11 162
11 171
11 174
11 179
11 189
11 193
11 198
11 202
11 214
11 226
11 257
11 277
11 291
11 301
11 314
11 316
11 353
11 364
11 369
11 375
11 408
11 432
11 441
11 443
11 457
11 483
12 21
12 26
12 31
12 45
12 55
12 59
12 69
12 77
12 82
12 88
12 98
12 102
12 116
12 122
12 128
12 129
12 133
12 141
12 152
12 159
12 161
12 170
12 183
12 192
12 199
12 211
12 226
12 261
12 262
12 277
12 282
12 302
12 310
12 350
12 353
12 355
12 357
12 361
12 362
12 390
12 391
12 405
12 406
12 416
12 422
12 424
12 426
12 441
12 458
12 477
12 481
12 484
12 497
13 21
13 37
13 42
13 44
13 52
13 69
13 88
13 89
13 127
13 137
13 150
13 164
13 170
13 174
13 176
13 177
13 193
13 211
13 227
13 232
13 235
13 238
13 266
13 272
13 276
13 296
13 301
13 304
13 311
13 322
13 338
13 342
13 344
13 354
13 370
13 378
13 384
13 392
13 411
13 417
13 419
13 424
13 483
13 493
14 31
14 35
14 43
14 58
14 66
14 96
14 113
14 129
14 133
14 140
14 144
14 146
14 157
14 159
14 164
14 165
14 167
14 172
14 189
14 211
14 217
14 231
14 234
14 236
14 240
14 246
14 248
14 262
14 269
14 270
14 274
14 278
14 279
14 282
14 299
14 300
14 312
14 318
14 319
14 331
14 355
14 382
14 410
14 413
14 414
14 417
14 418
14 440
14 446
14 451
14 474
14 478
14 481
14 485
14 499
15 21
15 29
15 34
15 43
15 47
15 58
15 59
15 66
15 69
15 70
15 72
15 76
15 77
15 80
15 103
15 111
15 153
15 178
15 179
15 185
15 187
15 188
15 210
15 213
15 230
15 231
15 234
15 242
15 255
15 260
15 265
15 283
15 304
15 309
15 314
15 317
15 319
15 334
15 338
15 340
15 345
15 364
15 386
15 394
15 396
15 407
15 422
15 438
15 462
15 468
15 470
15 473
15 493
16 17
16 19
16 43
16 52
16 65
16 68
16 70
16 76
16 88
16 90
16 101
16 107
16 121
16 132
16 176
16 180
16 191
16 195
16 207
16 210
16 214
16 219
16 229
16 231
16 237
16 252
16 266
16 270
16 272
16 273
16 275
16 276
16 288
16 290
16 294
16 302
16 321
16 322
16 337
16 340
16 359
16 366
16 370
16 394
16 397
16 398
16 403
16 408
16 411
16 414
16 420
16 450
16 473
16 476
16 485
17 29
17 35
17 37
17 41
17 59
17 63
17 65
17 71
17 72
17 90
17 106
17 134
17 155
17 184
17 186
17 205
17 258
17 262
17 268
17 280
17 298
17 300
17 322
17 351
17 358
17 364
17 365
17 374
17 375
17 398
17 401
17 410
17 433
17 436
17 446
17 452
17 467
17 469
17 483
17 495
17 500
18 23
18 32
18 53
18 59
18 62
18 81
18 83
18 93
18 112
18 116
18 120
18 132
18 157
18 168
18 178
18 186
18 214
18 216
18 220
18 221
18 222
18 230
18 236
18 268
18 291
18 306
18 307
18 313
18 319
18 329
18 336
18 341
18 342
18 355
18 362
18 367
18 379
18 391
18 392
18 399
18 403
18 408
18 411
18 412
18 413
18 415
18 421
18 428
18 430
18 435
18 440
18 443
18 448
19 26
19 28
19 33
19 39
19 41
19 57
19 109
19 120
19 121
19 124
19 131
19 138
19 142
19 168
19 188
19 199
19 210
19 222
19 225
19 234
19 240
19 248
19 260
19 264
19 285
19 318
19 326
19 340
19 348
19 373
19 388
19 400
19 405
19 428
19 447
19 457
19 458
19 472
19 489
19 494
19 495
19 500
20 21
20 25
20 29
20 37
20 60
20 79
20 83
20 84
20 93
20 97
20 118
20 123
20 124
20 127
20 171
20 188
20 196
20 205
20 208
20 211
20 220
20 221
20 223
20 245
20 249
20 258
20 263
20 274
20 275
20 294
20 300
20 304
20 311
20 322
20 324
20 334
20 343
20 349
20 359
20 374
20 375
20 398
20 402
20 408
20 430
20 442
20 445
20 449
20 455
20 464
20 473
20 476
20 483
21 27
21 39
21 42
21 57
21 59
21 61
21 74
21 75
21 94
21 116
21 141
21 147
21 152
21 167
21 187
21 188
21 191
21 212
21 219
21 221
21 233
21 240
21 245
21 255
21 261
21 265
21 267
21 283
21 284
21 294
21 309
21 320
21 360
21 361
21 363
21 367
21 427
21 428
21 437
21 447
21 454
21 456
21 457
21 459
21 465
21 473
21 480
21 483
21 486
21 499
22 41
22 42
22 45
22 56
22 72
22 91
22 92
22 95
22 101
22 106
22 120
22 127
22 132
22 136
22 145
22 146
22 149
22 150
22 154
22 160
22 162
22 166
22 216
22 226
22 259
22 265
22 274
22 279
22 285
22 302
22 317
22 318
22 320
22 325
22 328
22 329
22 333
22 347
22 348
22 351
22 355
22 362
22 381
22 384
22 388
22 400
22 402
22 404
22 412
22 455
22 457
22 461
22 474
22 475
22 485
23 26
23 36
23 42
23 53
23 60
23 82
23 87
23 92
23 103
23 109
23 131
23 132
23 146
23 149
23 150
23 176
23 177
23 187
23 219
23 234
23 235
23 243
23 250
23 251
23 252
23 253
23 259
23 274
23 278
23 282
23 290
23 292
23 294
23 302
23 311
23 315
23 316
23 344
23 355
23 374
23 378
23 387
23 411
23 426
23 434
23 438
23 449
23 463
23 468
23 473
23 475
23 477
23 479
23 480
24 36
24 41
24 56
24 57
24 72
24 95
24 112
24 118
24 125
24 131
24 141
24 144
24 146
24 156
24 198
24 207
24 213
24 233
24 239
24 253
24 265
24 272
24 283
24 293
24 322
24 338
24 343
24 362
24 380
24 415
24 434
24 438
24 442
24 453
24 455
24 475
24 479
24 488
24 498
25 57
25 70
25 81
25 83
25 99
25 109
25 113
25 123
25 128
25 133
25 145
25 151
25 153
25 160
25 165
25 174
25 177
25 179
25 213
25 220
25 258
25 267
25 271
25 281
25 284
25 289
25 303
25 304
25 313
25 325
25 343
25 356
25 357
25 361
25 379
25 382
25 384
25 393
25 403
25 406
25 414
25 417
25 425
25 432
25 448
25 453
25 457
25 473
25 475
26 35
26 36
26 56
26 61
26 67
26 77
26 91
26 106
26 112
26 124
26 125
26 126
26 127
26 139
26 149
26 152
26 158
26 167
26 168
26 169
26 197
26 199
26 200
26 204
26 222
26 230
26 239
26 240
26 249
26 259
26 262
26 272
26 296
26 298
26 306
26 310
26 324
26 334
26 339
26 369
26 372
26 375
26 381
26 386
26 390
26 394
26 398
26 417
26 418
26 428
26 438
26 444
26 472
26 486
27 39
27 46
27 47
27 55
27 79
27 82
27 92
27 96
27 102
27 112
27 138
27 139
27 157
27 162
27 166
27 188
27 191
27 206
27 209
27 219
27 235
27 238
27 249
27 269
27 281
27 293
27 296
27 302
27 321
27 332
27 337
27 342
27 348
27 381
27 385
27 388
27 403
27 416
27 430
27 434
27 463
27 479
27 482
27 486
27 492
27 496
27 498
27 499
28 42
28 52
28 61
28 75
28 81
28 86
28 88
28 89
28 101
28 106
28 112
28 119
28 121
28 124
28 129
28 136
28 138
28 144
28 149
28 162
28 184
28 194
28 200
28 203
28 214
28 227
28 249
28 257
28 280
28 288
28 304
28 313
28 316
28 320
28 325
28 338
28 341
28 348
28 351
28 358
28 359
28 362
28 364
28 377
28 421
28 442
28 458
28 460
28 463
28 466
28 468
28 483
28 486
28 491
28 496
29 42
29 44
29 50
29 51
29 55
29 64
29 68
29 73
29 80
29 88
29 90
29 92
29 95
29 108
29 112
29 125
29 134
29 135
29 141
29 144
29 147
29 180
29 189
29 191
29 202
29 210
29 221
29 248
29 259
29 262
29 263
29 286
29 303
29 315
29 319
29 333
29 336
29 340
29 351
29 352
29 355
29 362
29 371
29 379
29 383
29 386
29 391
29 413
29 444
29 478
30 33
30 51
30 53
30 65
30 70
30 90
30 94
30 99
30 105
30 127
30 129
30 137
30 142
30 154
30 180
30 213
30 216
30 225
30 232
30 235
30 236
30 239
30 245
30 256
30 287
30 307
30 315
30 354
30 363
30 366
30 367
30 390
30 407
30 434
30 459
30 461
30 481
30 495
31 37
31 38
31 40
31 55
31 79
31 83
31 102
31 118
31 128
31 143
31 149
31 190
31 199
31 218
31 228
31 229
31 230
31 233
31 235
31 236
31 287
31 298
31 308
31 322
31 325
31 340
31 354
31 378
31 380
31 381
31 387
31 393
31 434
31 443
31 452
31 456
31 457
31 476
31 490
31 496
32 43
32 51
32 80
32 93
32 94
32 104
32 105
32 106
32 151
32 162
32 163
32 193
32 201
32 202
32 222
32 229
32 245
32 254
32 262
32 301
32 317
32 325
32 335
32 376
32 401
32 420
32 424
32 428
32 430
32 436
32 444
32 457
32 492
32 496
33 62
33 66
33 83
33 91
33 94
33 122
33 130
33 135
33 143
33 145
33 168
33 175
33 184
33 200
33 214
33 226
33 230
33 239
33 257
33 261
33 277
33 287
33 289
33 299
33 305
33 321
33 340
33 356
33 367
33 377
33 383
33 405
33 407
33 414
33 415
33 452
33 469
33 481
33 494
34 39
34 46
34 72
34 73
34 110
34 111
34 112
34 116
34 120
34 127
34 132
34 143
34 147
34 159
34 164
34 176
34 187
34 191
34 194
34 201
34 202
34 210
34 218
34 230
34 253
34 296
34 312
34 318
34 334
34 349
34 364
34 375
34 379
34 383
34 403
34 410
34 429
34 447
34 452
34 457
34 466
34 477
34 495
34 498
35 41
35 74
35 94
35 100
35 101
35 112
35 119
35 122
35 146
35 151
35 157
35 158
35 175
35 186
35 188
35 194
35 202
35 212
35 221
35 240
35 252
35 261
35 272
35 275
35 282
35 287
35 289
35 293
35 294
35 298
35 314
35 322
35 330
35 355
35 371
35 385
35 391
35 393
35 404
35 415
35 419
35 421
35 422
35 428
35 444
35 480
35 484
35 496
36 46
36 47
36 78
36 82
36 83
36 86
36 95
36 99
36 118
36 144
36 152
36 153
36 188
36 198
36 207
36 208
36 243
36 244
36 252
36 275
36 277
36 279
36 296
36 301
36 302
36 307
36 308
36 309
36 320
36 329
36 335
36 344
36 350
36 377
36 384
36 388
36 397
36 412
36 416
36 439
36 458
36 460
36 462
36 469
36 482
36 488
36 490
37 49
37 67
37 72
37 73
37 76
37 80
37 117
37 137
37 145
37 158
37 161
37 162
37 169
37 174
37 205
37 232
37 234
37 243
37 248
37 266
37 282
37 294
37 297
37 302
37 315
37 324
37 325
37 339
37 373
37 378
37 380
37 391
37 396
37 404
37 413
37 423
37 424
37 432
37 440
37 454
37 466
37 468
37 476
37 479
37 486
38 50
38 51
38 58
38 59
38 63
38 82
38 91
38 107
38 137
38 153
38 158
38 160
38 176
38 178
38 179
38 192
38 213
38 218
38 234
38 256
38 260
38 261
38 262
38 273
38 277
38 283
38 286
38 287
38 288
38 311
38 348
38 358
38 386
38 395
38 403
38 408
38 411
38 413
38 416
38 432
38 435
38 438
38 444
38 455
38 457
38 471
39 43
39 45
39 76
39 83
39 116
39 139
39 142
39 146
39 156
39 158
39 164
39 172
39 187
39 197
39 208
39 221
39 232
39 250
39 272
39 288
39 290
39 292
39 318
39 324
39 353
39 368
39 374
39 379
39 397
39 410
39 419
39 426
39 445
39 451
39 454
39 459
39 460
39 465
39 478
39 499
40 47
40 74
40 88
40 109
40 111
40 112
40 132
40 140
40 145
40 151
40 163
40 164
40 170
40 200
40 216
40 236
40 237
40 259
40 267
40 274
40 275
40 279
40 282
40 298
40 338
40 339
40 347
40 356
40 367
40 382
40 384
40 396
40 403
40 407
40 416
40 419
40 422
40 441
40 444
40 462
40 469
40 486
40 500
41 63
41 78
41 82
41 96
41 103
41 107
41 110
41 111
41 124
41 135
41 147
41 150
41 160
41 181
41 186
41 190
41 225
41 229
41 231
41 234
41 247
41 252
41 265
41 278
41 281
41 284
41 306
41 333
41 376
41 377
41 388
41 401
41 402
41 404
41 425
41 432
41 436
41 455
41 457
41 462
41 474
41 476
41 484
41 485
42 47
42 59
42 67
42 73
42 103
42 107
42 112
42 127
42 146
42 167
42 171
42 199
42 220
42 221
42 237
42 248
42 251
42 256
42 260
42 263
42 271
42 274
42 295
42 322
42 330
42 332
42 335
42 338
42 344
42 348
42 349
42 351
42 374
42 378
42 383
42 388
42 418
42 449
42 461
42 462
42 464
42 468
42 487
42 497
43 45
43 63
43 65
43 69
43 70
43 72
43 86
43 87
43 103
43 120
43 122
43 132
43 143
43 152
43 163
43 164
43 169
43 181
43 200
43 204
43 220
43 225
43 235
43 265
43 268
43 276
43 287
43 300
43 326
43 337
43 347
43 362
43 374
43 384
43 391
43 397
43 401
43 402
43 427
43 428
43 432
43 436
43 446
43 449
43 455
43 470
43 476
43 498
44 52
44 68
44 69
44 70
44 81
44 99
44 106
44 113
44 125
44 134
44 147
44 152
44 154
44 161
44 165
44 166
44 167
44 175
44 187
44 226
44 232
44 244
44 246
44 261
44 270
44 275
44 308
44 320
44 343
44 351
44 370
44 372
44 377
44 388
44 395
44 401
44 421
44 434
44 460
44 470
44 480
44 492
44 493
45 104
45 128
45 131
45 133
45 137
45 141
45 159
45 161
45 164
45 174
45 181
45 188
45 191
45 196
45 198
45 203
45 226
45 241
45 247
45 249
45 255
45 272
45 274
45 290
45 301
45 311
45 351
45 366
45 370
45 377
45 401
45 408
45 431
45 435
45 446
45 461
45 462
45 463
45 464
45 478
45 480
45 484
45 489
45 492
45 499
45 500
46 56
46 64
46 76
46 85
46 96
46 105
46 120
46 126
46 131
46 133
46 135
46 161
46 195
46 196
46 198
46 217
46 221
46 230
46 231
46 246
46 248
46 260
46 265
46 272
46 273
46 282
46 285
46 298
46 317
46 331
46 332
46 346
46 351
46 357
46 360
46 364
46 380
46 382
46 383
46 391
46 396
46 397
46 398
46 407
46 422
46 431
46 433
46 440
46 443
46 444
46 446
46 452
46 463
46 464
46 465
46 496
46 498
46 499
46 500
47 50
47 67
47 73
47 86
47 89
47 97
47 113
47 129
47 134
47 146
47 153
47 155
47 161
47 163
47 179
47 183
47 190
47 198
47 222
47 234
47 244
47 272
47 275
47 291
47 293
47 296
47 305
47 315
47 329
47 337
47 349
47 352
47 362
47 366
47 373
47 381
47 384
47 396
47 405
47 410
47 412
47 417
47 436
47 439
47 444
47 454
47 457
47 458
47 474
47 477
47 495
47 496
47 497
48 52
48 54
48 58
48 64
48 78
48 80
48 97
48 100
48 105
48 108
48 111
48 126
48 135
48 145
48 149
48 151
48 168
48 174
48 179
48 183
48 193
48 216
48 226
48 256
48 262
48 266
48 272
48 281
48 296
48 310
48 316
48 320
48 326
48 338
48 347
48 350
48 381
48 396
48 406
48 411
48 425
48 435
48 440
48 441
48 454
48 461
48 463
48 465
48 471
48 478
48 479
48 500
49 58
49 65
49 79
49 86
49 95
49 103
49 105
49 112
49 122
49 130
49 167
49 175
49 178
49 182
49 186
49 209
49 222
49 249
49 251
49 257
49 265
49 275
49 277
49 289
49 290
49 292
49 315
49 321
49 323
49 354
49 358
49 377
49 383
49 388
49 405
49 409
49 411
49 422
49 423
49 430
49 440
49 443
49 456
49 462
49 500
50 53
50 56
50 63
50 65
50 66
50 74
50 75
50 97
50 130
50 157
50 158
50 165
50 172
50 177
50 194
50 209
50 217
50 227
50 261
50 270
50 280
50 296
50 298
50 308
50 315
50 318
50 350
50 351
50 361
50 369
50 386
50 396
50 402
50 427
50 431
50 447
50 448
50 459
50 468
50 475
50 478
50 485
51 53
51 58
51 80
51 84
51 85
51 95
51 97
51 128
51 137
51 177
51 186
51 192
51 206
51 208
51 214
51 234
51 236
51 239
51 254
51 263
51 264
51 265
51 270
51 272
51 273
51 282
51 283
51 288
51 291
51 293
51 300
51 305
51 306
51 319
51 327
51 331
51 334
51 338
51 365
51 404
51 412
51 416
51 423
51 435
51 441
51 487
51 495
52 53
52 68
52 72
52 76
52 77
52 96
52 97
52 110
52 115
52 125
52 136
52 141
52 153
52 172
52 182
52 186
52 199
52 210
52 240
52 284
52 285
52 302
52 309
52 329
52 334
52 359
52 361
52 368
52 390
52 410
52 415
52 423
52 439
52 449
52 456
52 481
52 485
52 487
52 495
52 496
52 499
53 54
53 57
53 69
53 100
53 103
53 108
53 127
53 129
53 138
53 145
53 146
53 147
53 148
53 153
53 161
53 163
53 166
53 172
53 176
53 185
53 189
53 195
53 207
53 219
53 223
53 245
53 250
53 308
53 309
53 311
53 312
53 315
53 317
53 329
53 341
53 346
53 347
53 359
53 366
53 371
53 389
53 390
53 393
53 396
53 405
53 407
53 408
53 409
53 417
53 457
53 458
53 499
54 76
54 96
54 103
54 105
54 107
54 122
54 128
54 131
54 154
54 155
54 171
54 196
54 215
54 232
54 233
54 238
54 247
54 248
54 252
54 253
54 258
54 266
54 267
54 270
54 285
54 287
54 294
54 304
54 317
54 323
54 336
54 347
54 352
54 380
54 399
54 401
54 428
54 436
54 440
54 444
54 461
54 471
54 483
54 486
55 56
55 57
55 67
55 80
55 87
55 88
55 91
55 95
55 104
55 112
55 142
55 150
55 166
55 183
55 184
55 186
55 195
55 198
55 209
55 216
55 231
55 250
55 255
55 258
55 262
55 272
55 300
55 301
55 314
55 324
55 328
55 329
55 331
55 335
55 337
55 342
55 350
55 358
55 364
55 371
55 377
55 388
55 406
55 412
55 428
55 436
55 440
55 479
55 485
55 489
56 62
56 71
56 105
56 113
56 125
56 153
56 171
56 199
56 207
56 211
56 247
56 248
56 251
56 274
56 281
56 284
56 288
56 304
56 313
56 326
56 351
56 362
56 370
56 385
56 390
56 403
56 439
56 452
56 476
56 479
56 493
56 498
57 65
57 96
57 100
57 122
57 127
57 141
57 147
57 161
57 169
57 176
57 177
57 194
57 199
57 200
57 207
57 214
57 217
57 218
57 242
57 247
57 250
57 261
57 262
57 267
57 288
57 290
57 323
57 330
57 343
57 354
57 364
57 388
57 401
57 408
57 418
57 440
57 441
57 453
57 465
57 473
57 489
58 61
58 62
58 66
58 70
58 83
58 94
58 109
58 111
58 140
58 150
58 178
58 191
58 230
58 262
58 263
58 272
58 285
58 287
58 292
58 346
58 359
58 371
58 373
58 375
58 385
58 396
58 404
58 411
58 424
58 451
58 478
58 479
58 481
58 483
58 485
58 490
59 60
59 61
59 70
59 76
59 85
59 97
59 102
59 131
59 148
59 152
59 167
59 184
59 188
59 191
59 214
59 245
59 246
59 258
59 261
59 271
59 273
59 275
59 290
59 295
59 299
59 307
59 318
59 321
59 323
59 331
59 335
59 348
59 360
59 364
59 400
59 420
59 429
59 430
59 450
59 456
59 461
59 463
59 486
59 487
59 491
59 500
60 65
60 66
60 67
60 106
60 107
60 133
60 136
60 153
60 154
60 155
60 169
60 171
60 174
60 194
60 195
60 206
60 225
60 241
60 258
60 259
60 262
60 270
60 280
60 281
60 288
60 299
60 306
60 320
60 326
60 329
60 342
60 355
60 357
60 363
60 386
60 390
60 395
60 416
60 429
60 430
60 442
60 446
60 447
60 449
60 457
60 464
60 489
61 99
61 121
61 125
61 161
61 181
61 185
61 193
61 209
61 213
61 233
61 240
61 255
61 257
61 259
61 265
61 306
61 312
61 316
61 318
61 339
61 344
61 365
61 366
61 385
61 395
61 396
61 398
61 406
61 408
61 415
61 417
61 429
61 452
61 455
61 456
61 488
61 497
61 500
62 68
62 77
62 82
62 94
62 102
62 112
62 113
62 132
62 133
62 144
62 161
62 162
62 164
62 190
62 210
62 220
62 226
62 234
62 238
62 252
62 262
62 266
62 304
62 311
62 340
62 347
62 349
62 356
62 358
62 367
62 387
62 392
62 399
62 414
62 415
62 419
62 430
62 449
62 453
62 458
62 462
62 480
62 488
62 489
62 494
63 77
63 80
63 83
63 99
63 108
63 112
63 129
63 133
63 139
63 143
63 144
63 145
63 149
63 152
63 167
63 172
63 189
63 200
63 206
63 208
63 209
63 212
63 220
63 230
63 238
63 239
63 243
63 250
63 268
63 275
63 278
63 285
63 287
63 288
63 294
63 296
63 304
63 308
63 337
63 340
63 350
63 354
63 360
63 365
63 367
63 369
63 370
63 372
63 381
63 386
63 397
63 401
63 409
63 418
63 419
63 421
63 423
63 426
63 430
63 464
63 468
63 481
63 496
64 72
64 75
64 80
64 96
64 98
64 102
64 104
64 108
64 109
64 110
64 134
64 138
64 149
64 150
64 158
64 160
64 169
64 180
64 181
64 208
64 211
64 215
64 236
64 240
64 246
64 250
64 260
64 271
64 285
64 301
64 308
64 309
64 322
64 325
64 327
64 338
64 340
64 342
64 344
64 345
64 348
64 352
64 362
64 363
64 365
64 368
64 385
64 419
64 428
64 451
64 454
64 467
64 479
65 70
65 96
65 99
65 104
65 114
65 122
65 128
65 130
65 139
65 169
65 173
65 193
65 219
65 221
65 224
65 236
65 252
65 253
65 259
65 278
65 282
65 337
65 345
65 349
65 356
65 370
65 377
65 399
65 407
65 437
65 467
66 78
66 80
66 87
66 104
66 106
66 131
66 152
66 169
66 170
66 173
66 179
66 187
66 199
66 203
66 215
66 229
66 237
66 238
66 247
66 256
66 258
66 262
66 263
66 265
66 275
66 287
66 295
66 299
66 301
66 304
66 314
66 316
66 322
66 331
66 332
66 333
66 337
66 347
66 368
66 382
66 395
66 403
66 408
66 421
66 441
66 448
66 449
66 459
66 460
66 461
66 476
66 486
67 68
67 76
67 78
67 87
67 100
67 113
67 139
67 145
67 177
67 181
67 182
67 188
67 198
67 217
67 220
67 223
67 237
67 250
67 268
67 273
67 302
67 306
67 312
67 326
67 330
67 339
67 340
67 352
67 362
67 373
67 393
67 409
67 411
67 427
67 438
67 442
67 455
67 458
67 459
67 461
67 470
67 477
67 479
68 77
68 82
68 83
68 85
68 86
68 93
68 111
68 122
68 127
68 141
68 145
68 171
68 177
68 186
68 203
68 212
68 222
68 227
68 235
68 248
68 251
68 256
68 259
68 265
68 285
68 287
68 316
68 321
68 332
68 333
68 344
68 348
68 356
68 393
68 404
68 413
68 423
68 448
68 453
68 462
68 476
68 487
68 488
68 500
69 102
69 117
69 124
69 134
69 144
69 154
69 157
69 160
69 164
69 175
69 177
69 181
69 189
69 193
69 195
69 211
69 215
69 223
69 243
69 247
69 250
69 259
69 276
69 284
69 289
69 296
69 297
69 298
69 316
69 321
69 331
69 332
69 337
69 339
69 355
69 366
69 384
69 385
69 394
69 410
69 414
69 416
69 419
69 431
69 442
69 460
70 79
70 81
70 87
70 93
70 105
70 125
70 126
70 128
70 129
70 173
70 184
70 202
70 210
70 227
70 240
70 252
70 261
70 274
70 278
70 285
70 288
70 291
70 324
70 365
70 376
70 382
70 401
70 423
70 427
70 430
70 456
70 463
70 481
71 74
71 88
71 91
71 122
71 128
71 140
71 141
71 150
71 170
71 195
71 203
71 211
71 218
71 221
71 224
71 227
71 240
71 242
71 245
71 250
71 253
71 256
71 258
71 274
71 279
71 281
71 291
71 297
71 312
71 326
71 331
71 341
71 379
71 384
71 393
71 401
71 405
71 406
71 412
71 416
71 428
71 435
71 437
71 442
71 446
71 448
71 480
71 486
71 496
72 85
72 92
72 101
72 103
72 132
72 178
72 197
72 202
72 234
72 243
72 246
72 263
72 278
72 279
72 286
72 292
72 301
72 306
72 308
72 319
72 349
72 372
72 406
72 407
72 409
72 418
72 421
72 424
72 441
72 478
72 498
73 75
73 81
73 83
73 87
73 117
73 120
73 147
73 174
73 179
73 187
73 191
73 192
73 196
73 208
73 228
73 241
73 242
73 248
73 255
73 262
73 265
73 269
73 283
73 291
73 293
73 306
73 332
73 342
73 347
73 365
73 401
73 426
73 457
73 459
73 484
73 489
73 490
73 499
74 79
74 82
74 85
74 111
74 144
74 210
74 219
74 241
74 266
74 276
74 284
74 292
74 310
74 317
74 318
74 322
74 323
74 327
74 330
74 340
74 342
74 343
74 346
74 352
74 360
74 374
74 376
74 378
74 386
74 393
74 396
74 403
74 409
74 436
74 443
74 445
74 446
74 465
74 468
74 478
74 482
74 490
75 94
75 102
75 104
75 125
75 138
75 145
75 158
75 161
75 169
75 170
75 174
75 193
75 212
75 215
75 240
75 247
75 264
75 270
75 276
75 285
75 296
75 304
75 315
75 335
75 341
75 348
75 350
75 362
75 375
75 390
75 403
75 413
75 428
75 444
75 445
75 455
75 460
75 479
75 486
76 83
76 93
76 99
76 101
76 116
76 152
76 178
76 198
76 200
76 205
76 220
76 224
76 233
76 243
76 246
76 269
76 287
76 289
76 333
76 340
76 349
76 354
76 368
76 371
76 372
76 383
76 397
76 404
76 405
76 411
76 423
76 441
76 449
76 451
76 454
76 478
77 78
77 83
77 93
77 101
77 114
77 131
77 141
77 155
77 172
77 173
77 174
77 180
77 208
77 209
77 239
77 250
77 266
77 269
77 270
77 271
77 279
77 336
77 337
77 341
77 342
77 343
77 347
77 352
77 399
77 402
77 414
77 417
77 422
77 435
77 448
77 462
77 465
77 474
77 479
77 483
77 488
77 490
78 89
78 116
78 122
78 135
78 148
78 157
78 190
78 198
78 206
78 210
78 216
78 223
78 225
78 227
78 228
78 231
78 264
78 273
78 302
78 331
78 336
78 339
78 360
78 375
78 376
78 382
78 387
78 395
78 408
78 416
78 421
78 424
78 453
78 463
78 470
78 484
79 83
79 105
79 112
79 115
79 119
79 130
79 136
79 151
79 158
79 162
79 172
79 185
79 201
79 209
79 217
79 220
79 236
79 247
79 249
79 250
79 261
79 269
79 278
79 281
79 283
79 284
79 288
79 297
79 305
79 343
79 355
79 362
79 363
79 364
79 392
79 394
79 407
79 429
79 440
79 466
79 473
79 479
79 492
80 85
80 94
80 95
80 150
80 151
80 162
80 179
80 181
80 185
80 194
80 233
80 234
80 237
80 273
80 275
80 281
80 282
80 312
80 334
80 336
80 337
80 359
80 374
80 379
80 387
80 392
80 395
80 399
80 407
80 408
80 412
80 415
80 416
80 423
80 428
80 431
80 438
80 448
80 452
80 454
80 468
80 485
81 85
81 88
81 91
81 92
81 102
81 105
81 109
81 118
81 126
81 128
81 129
81 130
81 152
81 156
81 166
81 183
81 186
81 194
81 201
81 204
81 206
81 213
81 216
81 238
81 253
81 265
81 269
81 274
81 284
81 285
81 303
81 314
81 317
81 330
81 331
81 332
81 334
81 338
81 355
81 358
81 359
81 362
81 365
81 369
81 371
81 383
81 385
81 396
81 403
81 404
81 413
81 416
81 418
81 421
81 425
81 431
81 453
81 500
82 84
82 86
82 90
82 100
82 101
82 102
82 142
82 143
82 154
82 163
82 169
82 170
82 220
82 243
82 265
82 271
82 274
82 304
82 311
82 344
82 352
82 357
82 368
82 378
82 386
82 388
82 408
82 417
82 419
82 425
82 427
82 430
82 437
82 447
82 450
82 455
82 462
82 471
82 474
82 475
82 483
82 486
82 487
82 491
83 118
83 121
83 125
83 130
83 136
83 154
83 165
83 172
83 174
83 197
83 198
83 225
83 248
83 254
83 270
83 273
83 276
83 290
83 304
83 309
83 317
83 326
83 350
83 369
83 372
83 380
83 395
83 400
83 441
83 460
83 463
83 469
83 473
83 487
83 496
84 112
84 134
84 165
84 189
84 197
84 199
84 205
84 215
84 217
84 224
84 237
84 240
84 249
84 253
84 258
84 274
84 276
84 278
84 284
84 293
84 298
84 312
84 322
84 336
84 338
84 353
84 356
84 358
84 360
84 373
84 387
84 388
84 399
84 403
84 411
84 424
84 426
84 456
84 460
84 465
84 472
84 500
85 86
85 90
85 93
85 99
85 123
85 138
85 144
85 145
85 158
85 185
85 189
85 235
85 236
85 241
85 255
85 257
85 261
85 275
85 288
85 289
85 296
85 308
85 309
85 313
85 319
85 332
85 350
85 380
85 406
85 408
85 417
85 429
85 457
85 472
86 87
86 112
86 126
86 129
86 130
86 145
86 151
86 154
86 184
86 215
86 216
86 221
86 222
86 225
86 237
86 258
86 279
86 307
86 318
86 348
86 354
86 368
86 369
86 380
86 384
86 392
86 394
86 402
86 416
86 426
86 434
86 436
86 438
86 443
86 448
86 458
86 462
86 464
86 481
87 98
87 103
87 108
87 114
87 122
87 132
87 135
87 138
87 160
87 163
87 168
87 176
87 178
87 180
87 198
87 221
87 229
87 256
87 270
87 279
87 282
87 285
87 291
87 312
87 318
87 319
87 339
87 346
87 347
87 348
87 365
87 375
87 388
87 402
87 407
87 426
87 435
87 438
87 439
87 443
87 456
87 476
87 479
87 500
88 92
88 113
88 120
88 136
88 146
88 148
88 149
88 155
88 161
88 189
88 200
88 205
88 207
88 233
88 234
88 236
88 249
88 253
88 264
88 272
88 278
88 280
88 289
88 322
88 325
88 353
88 375
88 381
88 392
88 400
88 403
88 437
88 438
88 442
88 449
88 453
88 477
88 485
88 491
89 113
89 117
89 127
89 131
89 134
89 149
89 170
89 173
89 180
89 185
89 190
89 205
89 211
89 248
89 250
89 263
89 285
89 300
89 321
89 331
89 332
89 348
89 358
89 361
89 398
89 412
89 415
89 416
89 420
89 429
89 458
89 464
89 480
89 481
89 487
89 497
90 91
90 108
90 111
90 113
90 114
90 124
90 131
90 132
90 136
90 137
90 148
90 155
90 158
90 160
90 172
90 174
90 183
90 197
90 204
90 209
90 219
90 257
90 281
90 288
90 297
90 313
90 315
90 317
90 322
90 339
90 355
90 356
90 361
90 393
90 400
90 407
90 410
90 420
90 428
90 434
90 455
90 459
90 481
90 488
90 495
91 94
91 101
91 105
91 106
91 110
91 125
91 135
91 145
91 159
91 177
91 189
91 209
91 234
91 256
91 272
91 277
91 281
91 310
91 330
91 337
91 358
91 377
91 386
91 403
91 406
91 414
91 416
91 422
91 425
91 426
91 427
91 449
91 454
91 461
91 472
91 487
91 492
91 494
91 496
92 105
92 118
92 123
92 143
92 144
92 149
92 156
92 204
92 213
92 222
92 243
92 245
92 255
92 258
92 275
92 288
92 296
92 310
92 324
92 325
92 356
92 365
92 369
92 371
92 372
92 376
92 390
92 399
92 402
92 408
92 409
92 412
92 413
92 419
92 424
92 434
92 441
92 454
92 479
92 495
92 500
93 99
93 104
93 114
93 117
93 122
93 150
93 162
93 163
93 169
93 170
93 172
93 177
93 182
93 186
93 188
93 197
93 200
93 212
93 215
93 219
93 228
93 232
93 239
93 240
93 255
93 259
93 264
93 272
93 278
93 283
93 297
93 303
93 304
93 326
93 344
93 349
93 362
93 374
93 385
93 395
93 396
93 419
93 424
93 436
93 451
93 453
93 474
93 485
94 95
94 143
94 152
94 167
94 178
94 191
94 202
94 214
94 224
94 226
94 237
94 252
94 253
94 258
94 262
94 265
94 272
94 289
94 305
94 313
94 326
94 368
94 390
94 395
94 404
94 407
94 424
94 427
94 438
94 441
94 450
94 455
94 458
94 479
95 103
95 108
95 122
95 127
95 135
95 158
95 180
95 200
95 211
95 248
95 253
95 254
95 263
95 279
95 280
95 309
95 323
95 338
95 366
95 377
95 383
95 390
95 407
95 408
95 424
95 426
95 433
95 450
95 468
95 488
95 494
95 495
96 100
96 101
96 104
96 114
96 116
96 117
96 123
96 128
96 129
96 138
96 148
96 156
96 162
96 176
96 179
96 181
96 189
96 201
96 207
96 214
96 243
96 246
96 249
96 267
96 279
96 304
96 305
96 333
96 336
96 353
96 355
96 363
96 385
96 409
96 437
96 467
96 470
96 498
97 100
97 125
97 131
97 133
97 141
97 159
97 163
97 168
97 169
97 187
97 190
97 198
97 199
97 222
97 226
97 230
97 232
97 248
97 256
97 268
97 279
97 280
97 288
97 317
97 318
97 325
97 334
97 347
97 372
97 373
97 396
97 400
97 404
97 410
97 411
97 423
97 428
97 447
97 451
97 467
97 479
97 487
97 498
97 500
98 103
98 111
98 114
98 135
98 137
98 164
98 170
98 174
98 179
98 185
98 187
98 191
98 192
98 194
98 195
98 203
98 211
98 217
98 226
98 231
98 241
98 270
98 306
98 308
98 322
98 324
98 333
98 340
98 347
98 349
98 384
98 393
98 397
98 410
98 413
98 420
98 450
98 452
98 460
98 465
98 471
98 477
99 101
99 102
99 110
99 129
99 138
99 146
99 162
99 173
99 192
99 245
99 256
99 274
99 285
99 286
99 293
99 294
99 333
99 361
99 369
99 372
99 394
99 410
99 419
99 443
99 444
99 446
99 458
99 491
99 497
99 500
100 102
100 111
100 140
100 152
100 164
100 185
100 186
100 193
100 201
100 210
100 235
100 240
100 250
100 254
100 263
100 293
100 331
100 345
100 379
100 385
100 391
100 407
100 452
100 455
100 471
100 489
100 496
100 497
100 498
100 500
101 122
101 192
101 202
101 207
101 211
101 212
101 213
101 222
101 225
101 227
101 232
101 235
101 242
101 252
101 256
101 259
101 291
101 295
101 299
101 301
101 305
101 312
101 328
101 343
101 348
101 352
101 356
101 358
101 370
101 376
101 386
101 387
101 398
101 415
101 416
101 421
101 428
101 482
101 486
102 108
102 111
102 120
102 124
102 125
102 137
102 147
102 155
102 161
102 165
102 167
102 170
102 194
102 219
102 228
102 235
102 250
102 264
102 285
102 290
102 307
102 313
102 327
102 332
102 338
102 383
102 405
102 409
102 413
102 416
102 424
102 430
102 431
102 433
102 443
102 460
102 482
102 486
102 498
103 108
103 117
103 152
103 163
103 177
103 215
103 218
103 239
103 246
103 247
103 268
103 274
103 280
103 282
103 301
103 352
103 370
103 372
103 374
103 383
103 403
103 415
103 423
103 427
103 431
103 433
103 463
103 484
103 499
104 122
104 126
104 137
104 139
104 142
104 149
104 166
104 167
104 168
104 169
104 183
104 201
104 206
104 208
104 221
104 231
104 234
104 238
104 240
104 255
104 262
104 274
104 276
104 277
104 300
104 312
104 317
104 322
104 323
104 329
104 350
104 353
104 355
104 356
104 368
104 375
104 381
104 387
104 398
104 403
104 420
104 436
104 439
104 450
104 480
104 483
104 493
105 119
105 127
105 130
105 134
105 160
105 168
105 190
105 191
105 200
105 213
105 222
105 240
105 244
105 248
105 253
105 258
105 269
105 282
105 287
105 291
105 297
105 305
105 321
105 328
105 336
105 355
105 358
105 359
105 371
105 380
105 391
105 406
105 415
105 416
105 419
105 420
105 422
105 428
105 431
105 433
105 473
105 477
105 481
105 482
105 496
106 110
106 120
106 125
106 145
106 151
106 190
106 224
106 231
106 234
106 242
106 244
106 250
106 258
106 266
106 274
106 279
106 284
106 285
106 288
106 304
106 310
106 318
106 319
106 322
106 324
106 331
106 364
106 365
106 384
106 398
106 412
106 429
106 433
106 438
106 440
106 454
107 112
107 117
107 121
107 126
107 133
107 163
107 181
107 193
107 206
107 213
107 215
107 221
107 224
107 227
107 229
107 254
107 302
107 307
107 308
107 317
107 327
107 332
107 342
107 364
107 369
107 377
107 380
107 385
107 387
107 388
107 390
107 391
107 407
107 408
107 410
107 417
107 433
107 437
107 452
107 458
107 467
107 474
107 475
107 480
107 498
108 122
108 123
108 137
108 143
108 147
108 162
108 179
108 186
108 193
108 195
108 196
108 203
108 210
108 211
108 215
108 223
108 228
108 231
108 236
108 251
108 259
108 270
108 278
108 294
108 327
108 328
108 343
108 352
108 369
108 377
108 379
108 398
108 411
108 417
108 472
108 478
108 479
109 142
109 159
109 161
109 173
109 180
109 194
109 197
109 205
109 206
109 214
109 227
109 237
109 239
109 263
109 264
109 270
109 296
109 298
109 336
109 348
109 357
109 362
109 373
109 379
109 381
109 384
109 396
109 407
109 415
109 427
109 441
109 467
109 473
109 494
109 498
110 123
110 137
110 138
110 143
110 144
110 153
110 160
110 193
110 194
110 195
110 200
110 206
110 223
110 227
110 266
110 270
110 276
110 280
110 284
110 288
110 298
110 301
110 317
110 318
110 334
110 361
110 376
110 381
110 390
110 393
110 398
110 402
110 431
110 440
110 444
110 456
110 463
110 472
110 478
110 491
110 496
111 136
111 140
111 159
111 160
111 169
111 170
111 173
111 185
111 191
111 193
111 214
111 222
111 227
111 229
111 248
111 249
111 258
111 263
111 269
111 293
111 300
111 309
111 312
111 326
111 335
111 345
111 348
111 353
111 359
111 370
111 382
111 383
111 393
111 399
111 415
111 430
111 433
111 443
111 469
111 472
111 478
111 479
111 484
111 485
111 494
112 113
112 121
112 127
112 164
112 175
112 184
112 191
112 196
112 198
112 204
112 228
112 232
112 238
112 248
112 252
112 279
112 286
112 302
112 308
112 324
112 339
112 340
112 346
112 371
112 391
112 392
112 401
112 426
112 438
112 440
112 451
112 462
112 474
112 490
113 124
113 132
113 141
113 153
113 157
113 159
113 160
113 161
113 169
113 172
113 176
113 188
113 195
113 206
113 216
113 222
113 223
113 226
113 228
113 243
113 245
113 250
113 256
113 258
113 268
113 277
113 283
113 284
113 286
113 289
113 295
113 307
113 317
113 319
113 325
113 337
113 368
113 398
113 402
113 405
113 421
113 427
113 431
113 433
113 435
113 440
113 443
113 446
113 455
113 472
113 473
113 477
113 481
113 500
114 125
114 128
114 147
114 150
114 151
114 155
114 156
114 175
114 195
114 204
114 217
114 219
114 220
114 236
114 243
114 256
114 272
114 280
114 283
114 290
114 291
114 305
114 309
114 311
114 324
114 326
114 337
114 343
114 360
114 366
114 385
114 390
114 417
114 423
114 429
114 439
114 444
114 460
114 485
114 489
114 499
115 122
115 126
115 133
115 134
115 136
115 146
115 151
115 162
115 164
115 168
115 176
115 191
115 207
115 208
115 211
115 224
115 244
115 248
115 278
115 283
115 286
115 301
115 321
115 322
115 353
115 370
115 399
115 412
115 414
115 459
115 461
115 477
115 484
115 486
115 498
116 128
116 137
116 140
116 155
116 162
116 176
116 180
116 181
116 183
116 188
116 190
116 217
116 219
116 231
116 239
116 262
116 263
116 285
116 303
116 305
116 316
116 319
116 326
116 327
116 342
116 344
116 357
116 368
116 377
116 386
116 393
116 400
116 411
116 412
116 416
116 421
116 433
116 435
116 439
116 448
116 453
116 458
116 462
116 463
116 484
116 499
117 134
117 137
117 179
117 180
117 203
117 204
117 205
117 216
117 219
117 232
117 241
117 244
117 247
117 250
117 269
117 280
117 309
117 315
117 319
117 323
117 325
117 329
117 330
117 342
117 385
117 390
117 391
117 397
117 416
117 427
117 456
117 468
117 470
117 476
117 480
117 484
117 493
118 119
118 127
118 132
118 143
118 161
118 171
118 173
118 180
118 181
118 190
118 191
118 195
118 196
118 197
118 206
118 207
118 211
118 215
118 218
118 268
118 270
118 286
118 291
118 294
118 295
118 301
118 321
118 323
118 331
118 332
118 337
118 339
118 349
118 350
118 370
118 382
118 400
118 406
118 460
118 468
118 481
118 494
119 131
119 133
119 165
119 166
119 175
119 179
119 180
119 193
119 214
119 216
119 233
119 248
119 258
119 262
119 300
119 349
119 363
119 374
119 376
119 378
119 381
119 411
119 424
119 436
119 443
119 445
119 446
119 466
119 469
119 474
120 121
120 126
120 139
120 145
120 151
120 161
120 179
120 185
120 189
120 193
120 198
120 199
120 204
120 223
120 224
120 226
120 234
120 247
120 275
120 279
120 280
120 308
120 313
120 318
120 326
120 341
120 345
120 348
120 354
120 367
120 371
120 402
120 403
120 418
120 448
120 451
120 463
120 466
120 468
120 472
120 483
120 486
120 487
120 489
120 500
121 124
121 131
121 135
121 142
121 154
121 159
121 167
121 185
121 190
121 194
121 198
121 217
121 239
121 255
121 258
121 274
121 283
121 284
121 290
121 308
121 323
121 332
121 341
121 345
121 347
121 348
121 374
121 375
121 385
121 395
121 398
121 408
121 411
121 419
121 425
121 430
121 443
121 471
121 490
121 499
122 125
122 128
122 135
122 156
122 196
122 203
122 229
122 244
122 247
122 260
122 262
122 264
122 281
122 288
122 293
122 319
122 343
122 350
122 357
122 399
122 401
122 408
122 413
122 425
122 433
122 435
122 440
122 447
122 459
122 461
122 464
122 466
122 479
122 487
122 488
123 127
123 131
123 166
123 174
123 183
123 189
123 199
123 236
123 239
123 242
123 244
123 247
123 260
123 284
123 298
123 306
123 310
123 313
123 334
123 337
123 344
123 351
123 367
123 372
123 392
123 406
123 416
123 418
123 425
123 432
123 440
123 447
123 454
123 463
123 464
123 467
123 470
123 482
123 490
124 130
124 163
124 164
124 168
124 186
124 191
124 201
124 205
124 218
124 226
124 229
124 244
124 247
124 260
124 270
124 276
124 277
124 306
124 308
124 309
124 312
124 316
124 324
124 333
124 355
124 388
124 407
124 411
124 414
124 433
124 457
124 458
124 476
124 483
124 484
125 130
125 159
125 167
125 169
125 185
125 205
125 217
125 220
125 225
125 232
125 233
125 236
125 237
125 244
125 263
125 272
125 284
125 301
125 314
125 320
125 324
125 325
125 347
125 352
125 365
125 371
125 382
125 383
125 388
125 391
125 408
125 410
125 417
125 422
125 428
125 458
125 473
125 474
125 482
125 491
126 132
126 137
126 140
126 141
126 142
126 147
126 166
126 177
126 178
126 220
126 225
126 228
126 243
126 247
126 248
126 261
126 320
126 351
126 355
126 364
126 409
126 440
126 442
126 464
126 466
126 487
126 492
126 497
127 129
127 150
127 165
127 171
127 193
127 202
127 206
127 207
127 208
127 210
127 229
127 232
127 239
127 253
127 256
127 292
127 298
127 304
127 316
127 323
127 324
127 326
127 328
127 333
127 339
127 348
127 352
127 358
127 371
127 381
127 384
127 401
127 416
127 445
127 459
127 463
127 486
127 489
128 144
128 151
128 165
128 180
128 190
128 195
128 198
128 202
128 203
128 247
128 253
128 276
128 291
128 292
128 305
128 317
128 322
128 324
128 327
128 333
128 338
128 346
128 355
128 358
128 363
128 372
128 373
128 389
128 399
128 414
128 423
128 443
128 471
128 475
128 477
128 484
128 486
128 493
128 500
129 131
129 132
129 138
129 157
129 161
129 162
129 163
129 186
129 223
129 224
129 242
129 244
129 245
129 253
129 268
129 271
129 278
129 311
129 336
129 337
129 347
129 377
129 379
129 401
129 407
129 420
129 441
129 443
129 468
129 484
129 487
129 488
130 132
130 140
130 146
130 148
130 150
130 159
130 191
130 193
130 198
130 211
130 254
130 266
130 272
130 277
130 289
130 291
130 296
130 314
130 337
130 364
130 365
130 369
130 374
130 392
130 395
130 406
130 410
130 421
130 432
130 439
130 457
130 461
130 469
130 471
130 473
130 476
131 155
131 161
131 169
131 176
131 187
131 198
131 202
131 217
131 218
131 236
131 245
131 256
131 260
131 276
131 277
131 294
131 305
131 319
131 320
131 323
131 331
131 336
131 338
131 340
131 341
131 357
131 367
131 397
131 404
131 439
131 444
131 445
131 446
131 451
131 454
131 471
131 481
131 482
131 489
131 490
131 496
132 142
132 148
132 165
132 167
132 175
132 184
132 201
132 210
132 222
132 250
132 272
132 276
132 282
132 299
132 316
132 317
132 331
132 360
132 372
132 399
132 418
132 425
132 433
132 450
132 451
132 461
132 481
132 489
133 137
133 141
133 155
133 158
133 160
133 183
133 203
133 206
133 239
133 241
133 260
133 261
133 281
133 294
133 295
133 322
133 339
133 341
133 342
133 350
133 361
133 375
133 386
133 403
133 435
133 462
133 464
133 468
133 481
133 486
133 488
133 495
133 497
134 139
134 146
134 149
134 158
134 164
134 186
134 201
134 202
134 208
134 216
134 218
134 220
134 223
134 233
134 234
134 244
134 253
134 260
134 263
134 274
134 275
134 292
134 296
134 304
134 334
134 360
134 367
134 372
134 380
134 385
134 389
134 390
134 407
134 418
134 422
134 435
134 437
134 442
134 443
134 448
134 451
134 474
134 485
134 490
134 491
134 492
135 147
135 152
135 160
135 170
135 172
135 174
135 176
135 182
135 198
135 230
135 234
135 254
135 256
135 257
135 259
135 262
135 264
135 272
135 281
135 297
135 328
135 350
135 352
135 362
135 366
135 409
135 413
135 426
135 450
135 456
135 460
135 465
135 473
135 478
135 499
136 139
136 157
136 159
136 173
136 174
136 183
136 185
136 194
136 203
136 216
136 221
136 228
136 235
136 258
136 259
136 266
136 309
136 316
136 341
136 346
136 370
136 387
136 400
136 409
136 414
136 419
136 437
136 454
137 147
137 149
137 156
137 178
137 188
137 197
137 198
137 211
137 225
137 233
137 237
137 260
137 272
137 277
137 287
137 298
137 303
137 309
137 310
137 323
137 324
137 339
137 361
137 363
137 387
137 394
137 403
137 421
137 429
137 464
137 471
137 480
137 481
137 482
137 499
137 500
138 145
138 154
138 160
138 161
138 165
138 171
138 181
138 198
138 200
138 206
138 209
138 229
138 238
138 275
138 278
138 279
138 280
138 310
138 323
138 328
138 346
138 357
138 361
138 364
138 369
138 383
138 386
138 392
138 397
138 409
138 413
138 416
138 438
138 446
138 447
138 469
138 474
138 476
138 478
138 481
138 482
138 499
139 150
139 167
139 169
139 173
139 181
139 195
139 198
139 203
139 214
139 226
139 231
139 235
139 236
139 272
139 278
139 279
139 283
139 287
139 294
139 301
139 329
139 346
139 359
139 398
139 414
139 434
139 436
139 439
139 442
139 448
139 451
139 466
139 468
139 477
139 489
139 492
139 494
140 142
140 163
140 173
140 184
140 188
140 212
140 254
140 273
140 274
140 276
140 286
140 291
140 301
140 302
140 314
140 315
140 335
140 339
140 341
140 347
140 362
140 382
140 384
140 422
140 430
140 441
140 455
140 460
140 471
140 474
140 478
140 483
140 487
141 146
141 149
141 156
141 161
141 164
141 165
141 195
141 202
141 206
141 211
141 219
141 229
141 237
141 257
141 263
141 272
141 274
141 325
141 326
141 335
141 352
141 357
141 360
141 398
141 402
141 403
141 404
141 408
141 419
141 435
141 438
141 440
141 443
141 460
142 149
142 151
142 152
142 158
142 160
142 166
142 170
142 181
142 192
142 195
142 209
142 212
142 218
142 222
142 243
142 245
142 256
142 280
142 308
142 323
142 327
142 333
142 342
142 350
142 364
142 375
142 380
142 390
142 405
142 456
142 459
142 461
142 463
142 466
142 481
142 486
142 489
142 490
142 492
143 149
143 170
143 173
143 180
143 181
143 183
143 205
143 235
143 256
143 257
143 283
143 288
143 299
143 324
143 328
143 330
143 335
143 342
143 345
143 347
143 350
143 351
143 374
143 376
143 377
143 378
143 380
143 381
143 389
143 390
143 397
143 407
143 409
143 411
143 412
143 414
143 426
143 443
143 453
143 456
143 465
143 470
143 473
143 478
143 484
143 494
144 162
144 177
144 195
144 196
144 202
144 204
144 211
144 217
144 222
144 223
144 229
144 247
144 265
144 283
144 299
144 330
144 337
144 367
144 397
144 403
144 431
144 487
145 154
145 179
145 226
145 228
145 233
145 243
145 246
145 260
145 274
145 276
145 280
145 284
145 290
145 298
145 312
145 331
145 339
145 341
145 364
145 390
145 395
145 397
145 417
145 437
145 458
145 459
145 468
145 484
145 495
145 500
146 148
146 165
146 173
146 176
146 220
146 223
146 230
146 246
146 309
146 311
146 314
146 338
146 359
146 429
146 436
146 451
146 452
146 469
146 490
146 498
147 155
147 163
147 171
147 173
147 178
147 196
147 203
147 206
147 216
147 226
147 243
147 251
147 257
147 272
147 285
147 288
147 289
147 292
147 305
147 336
147 347
147 349
147 350
147 354
147 359
147 361
147 372
147 373
147 376
147 390
147 392
147 410
147 413
147 423
147 425
147 435
147 447
147 451
147 455
147 459
147 480
148 150
148 171
148 176
148 192
148 201
148 214
148 216
148 243
148 244
148 245
148 256
148 291
148 292
148 295
148 308
148 318
148 323
148 324
148 345
148 353
148 373
148 393
148 406
148 410
148 416
148 424
148 428
148 441
148 449
148 465
148 466
148 467
148 468
148 480
148 482
148 483
148 484
148 494
148 495
149 178
149 188
149 216
149 265
149 268
149 272
149 274
149 319
149 346
149 352
149 361
149 374
149 379
149 407
149 410
149 412
149 416
149 433
149 434
149 439
149 443
149 454
149 459
149 468
149 485
149 489
149 499
150 152
150 179
150 191
150 198
150 217
150 227
150 233
150 249
150 251
150 260
150 272
150 278
150 291
150 300
150 315
150 319
150 344
150 355
150 376
150 379
150 383
150 394
150 399
150 406
150 410
150 412
150 413
150 423
150 424
150 426
150 432
150 435
150 437
150 446
150 476
150 477
150 492
150 496
150 497
151 154
151 159
151 178
151 201
151 213
151 217
151 223
151 225
151 233
151 238
151 239
151 254
151 301
151 307
151 311
151 315
151 341
151 354
151 359
151 361
151 363
151 369
151 370
151 372
151 378
151 381
151 389
151 395
151 402
151 420
151 427
151 446
151 450
151 453
151 469
151 471
151 473
151 481
151 483
151 497
151 499
152 155
152 193
152 206
152 210
152 223
152 225
152 226
152 233
152 238
152 266
152 272
152 278
152 281
152 307
152 310
152 312
152 321
152 328
152 330
152 365
152 376
152 399
152 401
152 420
152 421
152 433
152 436
152 443
152 453
152 482
152 485
152 491
152 499
153 157
153 159
153 171
153 176
153 178
153 180
153 181
153 184
153 196
153 211
153 228
153 230
153 243
153 250
153 253
153 266
153 273
153 279
153 283
153 307
153 322
153 327
153 333
153 336
153 346
153 350
153 352
153 358
153 365
153 377
153 379
153 391
153 392
153 417
153 419
153 420
153 429
153 434
153 436
153 437
153 445
153 457
153 476
154 159
154 167
154 171
154 176
154 179
154 182
154 187
154 193
154 204
154 235
154 236
154 241
154 244
154 247
154 259
154 278
154 285
154 326
154 327
154 338
154 347
154 351
154 353
154 396
154 403
154 404
154 406
154 410
154 416
154 462
154 463
154 472
154 474
154 488
155 159
155 166
155 191
155 197
155 201
155 218
155 233
155 234
155 259
155 269
155 275
155 291
155 310
155 325
155 336
155 356
155 371
155 375
155 386
155 406
155 420
155 425
155 429
155 430
155 436
155 442
155 446
155 448
155 457
155 476
155 492
155 496
155 497
156 157
156 161
156 162
156 174
156 176
156 179
156 185
156 188
156 189
156 190
156 192
156 202
156 212
156 221
156 229
156 239
156 250
156 254
156 267
156 276
156 280
156 291
156 294
156 317
156 321
156 325
156 326
156 333
156 337
156 344
156 350
156 358
156 362
156 376
156 379
156 400
156 401
156 403
156 405
156 410
156 411
156 413
156 419
156 425
156 426
156 428
156 434
156 438
156 439
156 447
156 466
156 475
156 476
156 479
156 493
157 171
157 191
157 192
157 213
157 220
157 228
157 235
157 237
157 254
157 257
157 262
157 274
157 303
157 318
157 323
157 330
157 335
157 361
157 363
157 366
157 369
157 388
157 399
157 417
157 433
157 447
157 448
157 452
157 472
157 488
157 495
158 166
158 171
158 181
158 188
158 203
158 211
158 219
158 221
158 223
158 224
158 225
158 248
158 252
158 256
158 262
158 275
158 277
158 300
158 311
158 319
158 324
158 341
158 343
158 345
158 359
158 367
158 370
158 380
158 399
158 413
158 429
158 435
158 466
158 471
158 473
158 477
158 479
159 162
159 174
159 183
159 186
159 219
159 237
159 246
159 268
159 285
159 298
159 311
159 322
159 329
159 331
159 335
159 365
159 368
159 369
159 385
159 395
159 401
159 404
159 408
159 410
159 411
159 419
159 433
159 442
159 447
159 450
159 473
159 479
159 484
159 489
159 498
159 499
160 201
160 203
160 220
160 222
160 224
160 227
160 240
160 260
160 270
160 282
160 294
160 305
160 318
160 328
160 334
160 335
160 339
160 340
160 343
160 378
160 396
160 398
160 400
160 404
160 412
160 421
160 430
160 439
160 440
160 468
160 474
160 480
160 483
160 491
160 500
161 168
161 174
161 189
161 190
161 212
161 217
161 221
161 222
161 243
161 249
161 262
161 269
161 270
161 271
161 296
161 310
161 313
161 329
161 330
161 331
161 343
161 353
161 359
161 384
161 388
161 390
161 404
161 412
161 424
161 435
161 451
161 465
161 472
161 494
162 178
162 184
162 194
162 202
162 213
162 220
162 237
162 240
162 244
162 259
162 262
162 271
162 272
162 287
162 295
162 296
162 297
162 311
162 321
162 328
162 346
162 349
162 352
162 379
162 382
162 385
162 395
162 410
162 416
162 426
162 430
162 431
162 443
162 445
162 454
162 482
162 483
162 488
163 164
163 177
163 182
163 216
163 237
163 249
163 273
163 284
163 290
163 341
163 354
163 368
163 383
163 418
163 431
163 433
163 451
163 459
163 462
163 465
163 483
163 496
163 499
163 500
164 189
164 200
164 211
164 216
164 221
164 243
164 253
164 254
164 256
164 262
164 266
164 287
164 301
164 302
164 311
164 315
164 344
164 352
164 354
164 366
164 378
164 379
164 382
164 385
164 394
164 397
164 401
164 418
164 419
164 427
164 443
164 461
164 463
164 466
164 479
164 482
164 493
164 499
165 182
165 186
165 187
165 188
165 194
165 198
165 223
165 226
165 231
165 248
165 259
165 272
165 276
165 277
165 302
165 317
165 323
165 334
165 345
165 354
165 365
165 377
165 393
165 423
165 438
165 449
165 450
165 451
165 452
165 455
165 461
165 463
165 464
165 478
165 487
165 491
165 494
165 500
166 176
166 194
166 212
166 219
166 228
166 229
166 240
166 243
166 251
166 255
166 257
166 259
166 269
166 272
166 275
166 308
166 312
166 319
166 329
166 338
166 349
166 367
166 368
166 392
166 416
166 426
166 428
166 429
166 431
166 437
166 460
166 471
166 479
166 483
166 486
166 496
166 497
167 173
167 175
167 186
167 214
167 240
167 241
167 256
167 261
167 267
167 273
167 275
167 279
167 293
167 382
167 397
167 407
167 418
167 419
167 429
167 439
167 449
167 455
167 461
167 462
167 476
167 492
167 497
168 178
168 185
168 186
168 190
168 194
168 200
168 208
168 217
168 224
168 236
168 243
168 256
168 260
168 266
168 281
168 285
168 306
168 308
168 310
168 320
168 323
168 354
168 360
168 362
168 364
168 365
168 368
168 389
168 404
168 407
168 408
168 422
168 423
168 439
168 442
168 458
168 464
168 470
168 475
168 482
168 483
168 488
168 499
169 171
169 187
169 195
169 197
169 205
169 214
169 230
169 239
169 242
169 257
169 269
169 271
169 272
169 276
169 295
169 297
169 302
169 304
169 314
169 316
169 321
169 339
169 350
169 362
169 364
169 368
169 386
169 420
169 433
169 441
169 444
169 452
169 464
169 465
169 468
169 469
169 483
169 486
170 197
170 203
170 210
170 213
170 219
170 220
170 238
170 245
170 251
170 289
170 295
170 299
170 304
170 308
170 329
170 336
170 345
170 358
170 370
170 412
170 414
170 443
170 451
170 458
170 477
170 486
170 490
170 499
171 173
171 182
171 189
171 192
171 200
171 211
171 214
171 230
171 233
171 241
171 247
171 249
171 252
171 256
171 275
171 301
171 305
171 308
171 314
171 321
171 324
171 337
171 344
171 386
171 393
171 444
171 451
171 457
171 475
171 483
171 488
171 497
171 498
172 174
172 177
172 185
172 202
172 214
172 222
172 234
172 235
172 237
172 251
172 255
172 258
172 286
172 306
172 332
172 343
172 368
172 377
172 391
172 400
172 408
172 420
172 493
172 499
173 174
173 199
173 204
173 206
173 215
173 223
173 246
173 269
173 291
173 320
173 322
173 336
173 346
173 347
173 351
173 356
173 369
173 397
173 399
173 408
173 411
173 413
173 420
173 435
173 449
173 451
173 459
173 466
173 474
173 478
173 500
174 183
174 184
174 223
174 232
174 240
174 253
174 266
174 272
174 288
174 292
174 298
174 310
174 327
174 339
174 343
174 345
174 348
174 351
174 382
174 413
174 425
174 454
174 458
174 461
174 465
174 467
174 486
175 199
175 234
175 241
175 257
175 274
175 275
175 287
175 292
175 293
175 324
175 332
175 352
175 356
175 370
175 371
175 381
175 382
175 388
175 389
175 398
175 408
175 411
175 419
175 444
175 457
175 464
175 486
176 180
176 181
176 183
176 185
176 194
176 195
176 196
176 205
176 210
176 259
176 269
176 273
176 282
176 318
176 329
176 332
176 335
176 341
176 361
176 373
176 393
176 396
176 397
176 415
176 419
176 464
176 467
176 474
176 486
176 489
176 494
176 497
177 184
177 189
177 199
177 202
177 207
177 219
177 243
177 246
177 252
177 253
177 260
177 267
177 272
177 276
177 277
177 302
177 305
177 321
177 322
177 340
177 352
177 373
177 425
177 431
177 445
177 459
177 461
177 500
178 193
178 218
178 223
178 237
178 241
178 244
178 270
178 293
178 295
178 301
178 308
178 318
178 328
178 336
178 338
178 360
178 361
178 363
178 369
178 372
178 380
178 385
178 396
178 427
178 428
178 430
178 438
178 440
178 444
178 455
178 456
178 457
178 459
178 480
178 496
178 500
179 192
179 207
179 215
179 229
179 230
179 242
179 249
179 254
179 261
179 270
179 284
179 286
179 289
179 292
179 295
179 298
179 304
179 309
179 313
179 316
179 368
179 378
179 379
179 383
179 398
179 403
179 418
179 419
179 423
179 439
179 442
179 447
179 449
179 459
179 462
179 477
179 478
179 480
179 489
180 194
180 195
180 221
180 228
180 255
180 260
180 269
180 270
180 302
180 310
180 319
180 327
180 333
180 334
180 344
180 358
180 361
180 368
180 380
180 381
180 403
180 411
180 424
180 450
180 452
180 486
180 492
181 184
181 198
181 207
181 208
181 215
181 219
181 238
181 242
181 243
181 254
181 260
181 267
181 277
181 279
181 299
181 324
181 343
181 364
181 371
181 383
181 384
181 385
181 399
181 402
181 411
181 438
181 446
181 464
181 484
181 486
181 500
182 188
182 191
182 199
182 207
182 228
182 231
182 277
182 286
182 293
182 294
182 309
182 343
182 395
182 404
182 407
182 408
182 416
182 423
182 439
182 459
182 470
182 479
182 486
182 491
183 185
183 190
183 193
183 207
183 219
183 227
183 232
183 234
183 239
183 247
183 289
183 291
183 305
183 336
183 339
183 366
183 368
183 392
183 394
183 396
183 405
183 414
183 426
183 429
183 448
183 452
183 456
183 462
183 478
183 487
183 488
183 490
183 494
183 495
183 498
184 194
184 197
184 206
184 207
184 222
184 227
184 229
184 262
184 274
184 306
184 309
184 313
184 321
184 326
184 354
184 365
184 367
184 373
184 391
184 396
184 409
184 416
184 420
184 423
184 476
184 479
184 488
185 187
185 196
185 213
185 220
185 225
185 227
185 231
185 250
185 258
185 280
185 286
185 299
185 329
185 332
185 338
185 342
185 344
185 360
185 376
185 377
185 378
185 379
185 395
185 397
185 403
185 407
185 411
185 414
185 429
185 440
185 472
185 473
185 481
185 491
185 495
185 499
186 189
186 191
186 192
186 237
186 239
186 242
186 244
186 246
186 247
186 248
186 249
186 263
186 267
186 268
186 342
186 345
186 351
186 353
186 356
186 365
186 369
186 377
186 392
186 397
186 410
186 411
186 414
186 426
186 442
186 456
186 459
186 465
186 496
187 209
187 229
187 239
187 241
187 245
187 246
187 247
187 252
187 257
187 273
187 281
187 282
187 284
187 297
187 304
187 307
187 324
187 333
187 334
187 337
187 345
187 369
187 377
187 389
187 433
187 484
187 499
188 189
188 194
188 197
188 214
188 238
188 248
188 260
188 261
188 275
188 282
188 311
188 329
188 336
188 340
188 347
188 351
188 374
188 375
188 378
188 387
188 391
188 415
188 418
188 423
188 429
188 435
188 443
188 460
188 489
189 190
189 191
189 215
189 219
189 237
189 240
189 251
189 267
189 269
189 296
189 302
189 307
189 308
189 311
189 315
189 341
189 342
189 352
189 362
189 373
189 384
189 391
189 398
189 400
189 424
189 431
189 436
189 448
189 463
189 477
189 484
189 488
189 493
190 195
190 212
190 218
190 223
190 226
190 230
190 231
190 232
190 247
190 253
190 263
190 282
190 299
190 309
190 321
190 331
190 334
190 364
190 368
190 372
190 397
190 404
190 405
190 406
190 410
190 412
190 456
190 457
190 463
190 469
190 471
190 497
190 499
191 211
191 218
191 231
191 232
191 242
191 265
191 283
191 284
191 290
191 292
191 297
191 302
191 304
191 308
191 317
191 328
191 351
191 353
191 365
191 381
191 396
191 401
191 403
191 414
191 422
191 429
191 434
191 437
191 442
191 449
191 456
191 462
191 479
191 487
191 497
191 500
192 206
192 214
192 215
192 236
192 244
192 256
192 284
192 294
192 309
192 331
192 352
192 365
192 366
192 368
192 391
192 395
192 405
192 416
192 427
192 462
192 476
192 492
192 495
193 205
193 248
193 262
193 263
193 273
193 283
193 299
193 302
193 311
193 316
193 322
193 349
193 355
193 359
193 363
193 387
193 396
193 411
193 415
193 422
193 433
193 436
193 446
193 448
193 459
193 463
193 467
193 482
194 197
194 209
194 222
194 230
194 232
194 248
194 252
194 255
194 267
194 296
194 313
194 324
194 327
194 333
194 335
194 338
194 344
194 354
194 358
194 363
194 376
194 378
194 382
194 385
194 402
194 414
194 415
194 419
194 447
194 454
194 460
194 466
194 490
195 206
195 207
195 209
195 226
195 232
195 240
195 261
195 269
195 273
195 274
195 280
195 297
195 304
195 321
195 328
195 332
195 336
195 337
195 346
195 348
195 353
195 360
195 361
195 365
195 367
195 381
195 389
195 392
195 408
195 416
195 419
195 426
195 428
195 437
195 439
195 441
195 449
195 460
195 485
196 203
196 213
196 225
196 257
196 263
196 298
196 303
196 305
196 306
196 324
196 332
196 337
196 338
196 346
196 373
196 389
196 398
196 399
196 400
196 402
196 424
196 431
196 438
196 439
196 448
196 493
197 205
197 211
197 226
197 259
197 265
197 272
197 282
197 283
197 300
197 305
197 306
197 312
197 322
197 329
197 333
197 345
197 350
197 381
197 391
197 401
197 404
197 406
197 409
197 413
197 427
197 430
197 440
197 442
197 445
197 449
197 450
197 465
197 466
197 467
197 471
197 479
197 480
197 483
197 490
198 207
198 209
198 211
198 216
198 224
198 227
198 231
198 253
198 280
198 313
198 316
198 333
198 335
198 337
198 358
198 364
198 369
198 370
198 375
198 391
198 406
198 412
198 415
198 423
198 425
198 428
198 429
198 432
198 447
198 452
198 458
198 467
198 478
198 489
198 498
199 201
199 203
199 213
199 216
199 217
199 219
199 220
199 234
199 243
199 256
199 258
199 266
199 284
199 295
199 298
199 300
199 305
199 312
199 319
199 321
199 326
199 327
199 331
199 342
199 374
199 400
199 418
199 430
199 441
199 446
199 453
199 454
199 463
199 470
199 475
199 477
199 488
199 493
200 206
200 207
200 211
200 235
200 252
200 267
200 268
200 282
200 283
200 287
200 340
200 355
200 367
200 375
200 385
200 396
200 409
200 449
200 460
200 462
200 465
200 469
200 486
201 202
201 233
201 241
201 247
201 249
201 251
201 265
201 266
201 272
201 280
201 292
201 304
201 308
201 332
201 350
201 351
201 353
201 365
201 398
201 436
201 439
201 446
201 449
201 454
201 466
201 480
201 497
202 204
202 234
202 259
202 269
202 272
202 306
202 308
202 331
202 332
202 357
202 370
202 392
202 398
202 402
202 411
202 412
202 414
202 421
202 449
202 450
202 460
202 468
202 475
202 493
203 207
203 210
203 221
203 224
203 240
203 255
203 267
203 283
203 284
203 285
203 288
203 322
203 327
203 339
203 346
203 355
203 357
203 359
203 363
203 366
203 374
203 376
203 382
203 384
203 387
203 391
203 400
203 405
203 416
203 424
203 430
203 431
203 437
203 453
203 464
203 494
204 231
204 240
204 251
204 252
204 261
204 282
204 284
204 293
204 305
204 320
204 342
204 344
204 361
204 378
204 385
204 395
204 401
204 404
204 424
204 427
204 433
204 442
204 469
205 210
205 218
205 260
205 265
205 275
205 284
205 292
205 295
205 301
205 326
205 328
205 342
205 350
205 385
205 386
205 393
205 399
205 400
205 402
205 407
205 411
205 417
205 428
205 430
205 434
205 452
205 462
205 464
205 465
205 478
205 479
205 480
206 219
206 220
206 229
206 235
206 240
206 242
206 246
206 248
206 249
206 254
206 258
206 262
206 267
206 273
206 276
206 292
206 321
206 322
206 334
206 347
206 357
206 365
206 366
206 370
206 375
206 378
206 407
206 409
206 427
206 435
206 447
206 454
206 455
206 458
206 459
206 462
206 464
206 484
207 211
207 225
207 230
207 288
207 292
207 294
207 301
207 313
207 317
207 320
207 325
207 326
207 333
207 335
207 350
207 364
207 368
207 379
207 380
207 387
207 398
207 400
207 405
207 410
207 440
207 444
207 457
207 482
207 484
207 488
207 496
207 497
208 214
208 223
208 227
208 233
208 234
208 254
208 256
208 260
208 269
208 285
208 290
208 296
208 298
208 310
208 313
208 345
208 364
208 410
208 416
208 419
208 422
208 424
208 433
208 434
208 453
208 481
209 224
209 228
209 230
209 232
209 234
209 239
209 242
209 256
209 264
209 271
209 281
209 286
209 296
209 303
209 308
209 321
209 323
209 327
209 339
209 351
209 360
209 385
209 387
209 397
209 407
209 410
209 435
209 440
209 456
209 464
209 477
209 484
209 489
210 214
210 218
210 233
210 251
210 256
210 265
210 278
210 281
210 287
210 289
210 294
210 295
210 320
210 323
210 327
210 345
210 352
210 367
210 368
210 406
210 413
210 428
210 432
210 462
210 467
210 470
210 476
210 481
210 492
210 497
210 500
211 217
211 228
211 237
211 255
211 260
211 266
211 281
211 287
211 293
211 295
211 298
211 300
211 304
211 312
211 319
211 331
211 347
211 356
211 361
211 364
211 366
211 372
211 375
211 379
211 381
211 386
211 404
211 410
211 411
211 416
211 417
211 444
211 455
211 471
211 473
211 486
211 494
211 495
211 498
212 274
212 278
212 291
212 295
212 299
212 303
212 312
212 314
212 317
212 331
212 338
212 340
212 351
212 370
212 371
212 383
212 386
212 401
212 410
212 428
212 430
212 447
212 448
212 450
212 477
212 486
212 494
213 225
213 233
213 235
213 239
213 269
213 272
213 281
213 294
213 299
213 301
213 302
213 320
213 322
213 325
213 336
213 341
213 344
213 357
213 367
213 368
213 378
213 386
213 387
213 388
213 394
213 408
213 415
213 419
213 432
213 464
213 474
213 481
213 496
214 223
214 229
214 231
214 232
214 246
214 249
214 260
214 279
214 309
214 319
214 326
214 335
214 337
214 338
214 348
214 351
214 354
214 368
214 370
214 372
214 385
214 391
214 398
214 402
214 405
214 409
214 411
214 442
214 477
214 479
214 489
215 229
215 232
215 246
215 248
215 250
215 252
215 258
215 262
215 263
215 267
215 270
215 273
215 291
215 302
215 332
215 342
215 345
215 362
215 364
215 371
215 382
215 383
215 386
215 390
215 393
215 399
215 412
215 416
215 418
215 428
215 429
215 430
215 444
215 452
215 456
215 459
215 478
216 223
216 227
216 240
216 245
216 253
216 262
216 264
216 271
216 276
216 283
216 284
216 294
216 301
216 305
216 311
216 327
216 333
216 378
216 385
216 392
216 394
216 410
216 416
216 433
216 439
216 440
216 449
216 455
216 472
216 473
216 478
216 479
216 484
217 226
217 279
217 284
217 287
217 297
217 305
217 307
217 309
217 329
217 340
217 370
217 374
217 386
217 390
217 399
217 408
217 412
217 435
217 452
217 460
217 463
217 466
217 475
217 480
217 481
217 498
218 231
218 240
218 243
218 245
218 248
218 262
218 287
218 288
218 290
218 295
218 310
218 312
218 328
218 332
218 335
218 339
218 359
218 362
218 384
218 394
218 419
218 429
218 432
218 450
218 459
218 467
218 491
218 500
219 231
219 233
219 247
219 256
219 265
219 282
219 292
219 297
219 301
219 307
219 324
219 332
219 335
219 342
219 360
219 370
219 389
219 390
219 409
219 411
219 418
219 430
219 432
219 446
219 450
219 477
219 481
219 490
219 491
220 230
220 243
220 256
220 290
220 297
220 312
220 315
220 318
220 328
220 329
220 330
220 338
220 343
220 350
220 353
220 354
220 363
220 366
220 372
220 373
220 375
220 391
220 395
220 416
220 440
220 460
220 472
220 484
220 494
220 496
221 225
221 226
221 228
221 230
221 246
221 259
221 264
221 269
221 272
221 281
221 293
221 299
221 301
221 312
221 313
221 325
221 331
221 332
221 335
221 351
221 385
221 394
221 395
221 398
221 405
221 413
221 426
221 435
221 455
221 460
221 468
221 473
221 476
221 480
221 488
221 493
222 227
222 233
222 248
222 252
222 258
222 260
222 268
222 272
222 285
222 286
222 288
222 290
222 295
222 298
222 302
222 309
222 310
222 319
222 323
222 330
222 344
222 347
222 352
222 356
222 379
222 387
222 402
222 405
222 418
222 419
222 434
222 441
222 460
222 465
222 478
222 484
222 490
223 241
223 253
223 268
223 274
223 325
223 328
223 331
223 340
223 342
223 365
223 372
223 391
223 395
223 401
223 409
223 433
223 436
223 445
223 446
223 460
223 462
223 469
223 477
223 480
223 482
223 500
224 227
224 252
224 255
224 257
224 260
224 281
224 283
224 289
224 309
224 325
224 327
224 345
224 356
224 357
224 359
224 362
224 374
224 390
224 392
224 393
224 399
224 401
224 418
224 420
224 423
224 448
224 454
224 458
224 472
224 486
224 494
224 497
225 242
225 245
225 247
225 251
225 261
225 264
225 266
225 282
225 299
225 311
225 318
225 321
225 323
225 349
225 366
225 394
225 403
225 405
225 415
225 428
225 439
225 450
225 468
225 469
225 486
225 490
225 499
226 251
226 254
226 269
226 271
226 277
226 288
226 300
226 316
226 328
226 335
226 342
226 361
226 369
226 390
226 401
226 410
226 412
226 419
226 422
226 425
226 436
226 444
226 446
226 452
226 458
226 461
226 466
226 481
227 245
227 261
227 262
227 275
227 285
227 297
227 303
227 337
227 347
227 365
227 377
227 381
227 399
227 406
227 416
227 429
227 439
227 442
227 449
227 455
227 474
228 230
228 233
228 239
228 242
228 274
228 282
228 299
228 300
228 303
228 316
228 318
228 323
228 331
228 344
228 347
228 352
228 361
228 382
228 390
228 394
228 420
228 455
228 456
228 463
228 479
228 484
228 495
229 241
229 243
229 251
229 260
229 275
229 282
229 286
229 289
229 298
229 312
229 318
229 321
229 322
229 326
229 331
229 332
229 343
229 352
229 360
229 364
229 367
229 374
229 379
229 391
229 456
229 460
229 482
229 485
229 493
230 235
230 236
230 242
230 244
230 251
230 264
230 272
230 273
230 283
230 295
230 305
230 318
230 335
230 337
230 341
230 348
230 353
230 363
230 373
230 383
230 403
230 425
230 447
230 452
230 463
230 465
230 470
230 476
230 481
230 482
230 483
230 487
230 491
231 238
231 252
231 279
231 286
231 298
231 310
231 330
231 339
231 343
231 348
231 366
231 379
231 395
231 399
231 409
231 420
231 425
231 449
231 450
231 459
231 461
231 463
231 477
231 488
232 246
232 252
232 265
232 270
232 277
232 301
232 315
232 320
232 337
232 341
232 358
232 398
232 400
232 403
232 409
232 454
232 466
232 484
232 488
233 243
233 265
233 273
233 311
233 322
233 323
233 334
233 349
233 350
233 355
233 357
233 368
233 375
233 385
233 402
233 408
233 412
233 414
233 445
233 481
234 242
234 259
234 265
234 283
234 295
234 300
234 301
234 306
234 310
234 318
234 320
234 328
234 349
234 352
234 376
234 392
234 401
234 405
234 439
234 442
234 454
234 460
234 462
234 470
234 473
234 480
234 481
234 484
234 500
235 237
235 250
235 271
235 281
235 292
235 294
235 308
235 315
235 320
235 327
235 338
235 342
235 358
235 382
235 393
235 397
235 398
235 422
235 432
235 435
235 442
235 447
235 452
235 464
235 465
235 466
235 467
235 474
235 480
235 492
236 240
236 242
236 256
236 267
236 274
236 276
236 281
236 285
236 289
236 290
236 292
236 298
236 301
236 320
236 322
236 328
236 336
236 338
236 342
236 359
236 372
236 374
236 379
236 422
236 425
236 429
236 439
236 454
236 480
236 486
236 493
236 496
237 256
237 257
237 261
237 263
237 267
237 272
237 278
237 284
237 285
237 307
237 311
237 317
237 318
237 325
237 347
237 371
237 382
237 391
237 395
237 402
237 404
237 408
237 417
237 423
237 433
237 438
237 473
237 480
237 484
237 496
238 245
238 272
238 275
238 280
238 300
238 309
238 326
238 335
238 350
238 360
238 379
238 380
238 382
238 385
238 406
238 408
238 415
238 437
238 439
238 443
238 446
238 473
238 475
238 482
238 485
239 243
239 268
239 271
239 287
239 288
239 310
239 317
239 321
239 334
239 353
239 354
239 374
239 387
239 388
239 389
239 396
239 398
239 407
239 411
239 446
239 451
239 460
239 462
239 464
239 466
239 487
240 244
240 245
240 256
240 258
240 271
240 279
240 290
240 296
240 305
240 308
240 321
240 329
240 331
240 348
240 352
240 359
240 365
240 367
240 379
240 385
240 394
240 424
240 448
240 460
240 465
240 479
240 486
240 491
241 254
241 274
241 288
241 293
241 310
241 316
241 325
241 327
241 328
241 333
241 351
241 363
241 366
241 404
241 423
241 425
241 432
241 433
241 466
241 473
241 479
241 480
241 494
241 500
242 249
242 253
242 283
242 285
242 293
242 296
242 298
242 315
242 342
242 368
242 378
242 381
242 389
242 403
242 418
242 425
242 439
242 445
242 496
242 498
243 264
243 274
243 285
243 289
243 290
243 324
243 332
243 341
243 368
243 370
243 373
243 380
243 393
243 405
243 408
243 425
243 441
243 448
243 464
243 469
243 486
243 493
243 495
244 258
244 263
244 266
244 292
244 298
244 324
244 335
244 353
244 354
244 361
244 364
244 365
244 395
244 396
244 401
244 444
244 447
244 448
244 455
244 457
244 460
244 474
244 483
245 253
245 257
245 265
245 268
245 274
245 278
245 284
245 298
245 299
245 315
245 317
245 320
245 331
245 337
245 347
245 358
245 360
245 383
245 397
245 401
245 403
245 432
245 434
245 438
245 452
245 471
245 475
245 479
245 482
245 487
245 495
246 250
246 260
246 272
246 277
246 287
246 295
246 303
246 308
246 311
246 314
246 323
246 325
246 333
246 340
246 360
246 363
246 378
246 380
246 384
246 426
246 451
246 459
246 494
247 248
247 252
247 258
247 272
247 274
247 286
247 299
247 305
247 327
247 337
247 340
247 341
247 350
247 356
247 357
247 358
247 368
247 371
247 383
247 384
247 387
247 388
247 401
247 412
247 426
247 452
247 456
247 467
247 474
247 477
247 493
248 277
248 286
248 300
248 307
248 312
248 357
248 395
248 401
248 404
248 407
248 418
248 437
248 472
248 474
248 478
248 492
248 497
248 498
249 256
249 268
249 290
249 293
249 303
249 319
249 323
249 325
249 334
249 343
249 344
249 346
249 370
249 387
249 399
249 400
249 417
249 438
249 444
249 450
249 454
249 456
249 465
249 467
249 479
249 485
250 261
250 269
250 271
250 277
250 297
250 300
250 306
250 312
250 318
250 323
250 325
250 327
250 334
250 340
250 341
250 352
250 353
250 356
250 365
250 412
250 436
250 442
250 446
250 453
250 480
250 485
251 261
251 273
251 279
251 282
251 283
251 286
251 289
251 295
251 302
251 305
251 321
251 332
251 338
251 339
251 343
251 358
251 372
251 380
251 382
251 389
251 390
251 404
251 407
251 408
251 411
251 417
251 423
251 442
251 459
251 462
251 472
251 474
251 477
251 478
251 487
251 490
252 272
252 274
252 286
252 297
252 299
252 304
252 307
252 324
252 335
252 355
252 361
252 377
252 386
252 393
252 401
252 408
252 411
252 427
252 457
252 460
252 469
252 470
252 477
252 488
252 494
253 262
253 271
253 280
253 281
253 299
253 307
253 314
253 326
253 330
253 335
253 338
253 346
253 349
253 351
253 370
253 374
253 399
253 400
253 419
253 422
253 434
253 435
253 443
253 474
253 483
253 489
253 493
254 283
254 296
254 298
254 309
254 314
254 317
254 323
254 324
254 325
254 327
254 330
254 342
254 344
254 359
254 364
254 396
254 420
254 442
254 457
254 471
255 256
255 269
255 298
255 304
255 305
255 320
255 326
255 330
255 334
255 336
255 341
255 357
255 366
255 376
255 377
255 386
255 388
255 391
255 395
255 401
255 409
255 420
255 430
255 436
255 447
255 457
255 475
255 484
255 499
256 260
256 279
256 290
256 339
256 344
256 345
256 346
256 366
256 374
256 387
256 394
256 405
256 419
256 439
256 464
256 475
256 480
256 481
256 487
256 498
257 273
257 276
257 277
257 286
257 287
257 291
257 300
257 319
257 332
257 341
257 353
257 357
257 376
257 386
257 400
257 402
257 404
257 412
257 415
257 442
257 454
257 459
258 263
258 275
258 289
258 303
258 312
258 321
258 325
258 327
258 332
258 341
258 346
258 352
258 353
258 363
258 385
258 388
258 411
258 418
258 419
258 431
258 432
258 441
258 458
258 467
258 481
258 498
258 499
259 266
259 268
259 271
259 272
259 275
259 321
259 330
259 347
259 350
259 364
259 383
259 385
259 395
259 402
259 408
259 424
259 430
259 432
259 443
259 445
259 447
259 448
259 464
259 495
260 261
260 263
260 275
260 279
260 286
260 315
260 316
260 317
260 324
260 330
260 361
260 367
260 378
260 380
260 389
260 401
260 416
260 422
260 423
260 427
260 440
260 442
260 465
260 466
260 468
260 472
260 476
260 500
261 268
261 271
261 272
261 278
261 283
261 288
261 291
261 299
261 307
261 325
261 351
261 358
261 364
261 399
261 400
261 416
261 423
261 428
261 461
261 464
261 467
261 471
261 494
262 266
262 277
262 281
262 285
262 310
262 345
262 350
262 356
262 386
262 388
262 403
262 404
262 416
262 426
262 436
262 441
262 447
262 452
262 455
262 462
262 478
262 487
262 495
263 270
263 276
263 277
263 286
263 293
263 303
263 321
263 327
263 331
263 332
263 335
263 354
263 371
263 373
263 381
263 382
263 388
263 395
263 405
263 407
263 411
263 426
263 442
263 483
263 486
264 266
264 267
264 277
264 290
264 327
264 340
264 379
264 386
264 391
264 410
264 424
264 432
264 435
264 471
264 487
264 490
264 492
265 275
265 294
265 307
265 339
265 356
265 364
265 372
265 386
265 390
265 391
265 409
265 432
265 439
265 440
265 476
265 489
265 492
265 498
265 499
265 500
266 269
266 273
266 287
266 293
266 295
266 296
266 297
266 299
266 301
266 303
266 306
266 308
266 316
266 325
266 330
266 355
266 357
266 363
266 371
266 372
266 379
266 410
266 420
266 426
266 434
266 438
266 443
266 451
266 452
266 470
266 476
266 485
266 489
266 492
267 275
267 277
267 279
267 280
267 286
267 287
267 295
267 304
267 311
267 316
267 321
267 327
267 331
267 338
267 348
267 380
267 390
267 401
267 425
267 434
267 461
267 467
267 474
267 475
267 484
268 277
268 285
268 297
268 305
268 322
268 338
268 340
268 348
268 354
268 357
268 358
268 361
268 367
268 370
268 376
268 410
268 435
268 438
268 458
268 465
268 472
268 476
268 479
268 480
268 497
269 270
269 274
269 287
269 291
269 292
269 293
269 299
269 319
269 328
269 329
269 345
269 371
269 398
269 402
269 416
269 422
269 423
269 460
269 466
269 480
270 274
270 284
270 293
270 294
270 307
270 310
270 311
270 346
270 356
270 365
270 371
270 372
270 390
270 394
270 397
270 406
270 408
270 409
270 411
270 422
270 430
270 438
270 442
270 455
270 459
270 465
270 466
270 468
270 475
270 485
270 490
270 494
271 275
271 278
271 280
271 296
271 299
271 306
271 310
271 311
271 316
271 340
271 343
271 350
271 361
271 372
271 384
271 391
271 393
271 416
271 422
271 423
271 427
271 437
271 439
271 443
271 462
271 470
271 484
271 498
271 500
272 275
272 295
272 302
272 324
272 327
272 329
272 331
272 340
272 346
272 352
272 357
272 361
272 379
272 383
272 390
272 401
272 404
272 406
272 444
272 449
272 450
272 457
272 461
272 464
272 499
273 287
273 291
273 302
273 327
273 333
273 344
273 371
273 383
273 384
273 391
273 396
273 406
273 410
273 414
273 423
273 425
273 439
273 457
273 465
273 466
273 477
273 478
273 484
273 486
273 487
274 302
274 304
274 309
274 315
274 316
274 330
274 336
274 340
274 342
274 346
274 348
274 363
274 369
274 377
274 387
274 388
274 405
274 408
274 418
274 438
274 449
274 485
274 492
274 496
275 276
275 284
275 286
275 288
275 294
275 307
275 309
275 347
275 349
275 354
275 356
275 358
275 394
275 419
275 426
275 427
275 429
275 438
275 473
276 281
276 299
276 306
276 312
276 314
276 323
276 324
276 336
276 343
276 357
276 362
276 375
276 379
276 380
276 382
276 400
276 405
276 418
276 420
276 422
276 430
276 431
276 436
276 460
276 462
276 474
276 500
277 279
277 287
277 302
277 303
277 307
277 311
277 329
277 330
277 332
277 344
277 357
277 366
277 387
277 431
277 446
277 488
277 489
277 497
277 499
278 280
278 286
278 295
278 316
278 317
278 351
278 352
278 353
278 359
278 365
278 366
278 372
278 375
278 381
278 382
278 393
278 402
278 403
278 416
278 423
278 425
278 429
278 430
278 442
278 443
278 448
278 466
278 470
278 477
278 492
278 495
279 284
279 299
279 307
279 349
279 350
279 354
279 380
279 406
279 419
279 431
279 449
279 458
279 461
279 463
279 468
279 469
279 474
279 477
279 489
280 292
280 294
280 295
280 300
280 310
280 322
280 337
280 340
280 342
280 349
280 391
280 395
280 398
280 404
280 410
280 412
280 417
280 440
280 441
280 449
280 459
280 462
280 464
280 466
280 481
280 492
281 287
281 290
281 291
281 294
281 299
281 309
281 322
281 329
281 346
281 349
281 356
281 374
281 383
281 388
281 398
281 401
281 404
281 425
281 433
281 446
281 448
281 453
281 457
281 477
281 491
281 494
282 301
282 305
282 314
282 324
282 330
282 338
282 358
282 363
282 392
282 402
282 412
282 420
282 440
282 442
282 448
282 452
282 484
283 286
283 322
283 329
283 339
283 358
283 359
283 387
283 395
283 398
283 401
283 423
283 442
283 444
283 445
283 462
283 482
284 290
284 299
284 304
284 311
284 324
284 352
284 360
284 361
284 382
284 408
284 416
284 420
284 438
284 441
284 443
284 448
284 458
284 485
284 486
284 495
284 496
285 295
285 296
285 302
285 341
285 354
285 382
285 390
285 423
285 429
285 438
285 456
285 464
285 480
285 490
285 493
285 495
286 292
286 294
286 298
286 311
286 316
286 324
286 325
286 327
286 330
286 335
286 359
286 373
286 383
286 384
286 406
286 412
286 414
286 416
286 422
286 434
286 437
286 441
286 445
286 453
286 466
286 472
286 485
286 486
286 492
287 291
287 300
287 306
287 317
287 318
287 324
287 326
287 348
287 353
287 355
287 356
287 360
287 362
287 376
287 384
287 405
287 407
287 408
287 410
287 448
287 451
287 454
287 456
287 458
287 459
287 466
287 469
287 476
287 495
288 307
288 315
288 323
288 328
288 339
288 385
288 415
288 419
288 426
288 429
288 453
288 464
288 468
288 483
288 500
289 316
289 344
289 347
289 354
289 373
289 386
289 387
289 390
289 391
289 393
289 395
289 409
289 416
289 418
289 425
289 431
289 457
289 464
289 487
290 296
290 299
290 346
290 376
290 413
290 431
290 436
290 438
290 459
290 466
290 470
290 476
290 482
291 294
291 304
291 305
291 319
291 322
291 330
291 352
291 355
291 357
291 360
291 377
291 386
291 393
291 399
291 403
291 406
291 413
291 418
291 451
291 465
291 470
291 475
291 478
291 481
292 294
292 297
292 327
292 332
292 344
292 345
292 356
292 380
292 384
292 416
292 419
292 433
292 435
292 437
292 449
292 453
292 460
292 472
292 479
292 482
293 300
293 305
293 319
293 326
293 339
293 364
293 370
293 372
293 374
293 406
293 414
293 417
293 423
293 448
293 460
293 466
293 471
293 472
293 480
293 482
293 490
293 496
293 499
294 304
294 305
294 313
294 323
294 338
294 350
294 358
294 376
294 402
294 411
294 413
294 414
294 420
294 432
294 440
294 450
294 458
294 489
295 303
295 306
295 307
295 315
295 316
295 333
295 335
295 347
295 361
295 365
295 369
295 372
295 399
295 405
295 424
295 439
295 451
295 452
295 455
295 475
295 477
295 498
296 300
296 326
296 330
296 335
296 343
296 354
296 382
296 383
296 396
296 409
296 418
296 439
296 445
296 446
296 460
296 489
296 491
296 498
297 299
297 318
297 327
297 332
297 347
297 349
297 364
297 365
297 368
297 372
297 380
297 381
297 387
297 394
297 397
297 408
297 425
297 426
297 435
297 446
297 478
297 479
297 480
297 490
297 491
297 500
298 302
298 313
298 321
298 342
298 344
298 366
298 369
298 380
298 381
298 394
298 395
298 409
298 410
298 474
298 478
298 492
298 494
298 497
298 500
299 318
299 319
299 330
299 340
299 362
299 364
299 369
299 373
299 374
299 387
299 408
299 431
299 442
299 445
299 452
299 456
299 465
299 472
299 475
299 490
299 491
299 492
299 496
300 306
300 320
300 334
300 338
300 353
300 370
300 383
300 393
300 405
300 409
300 417
300 419
300 427
300 437
300 442
300 443
300 455
300 490
300 493
300 500
301 307
301 314
301 316
301 332
301 341
301 344
301 348
301 381
301 387
301 405
301 414
301 419
301 420
301 428
301 430
301 431
301 442
301 449
301 452
301 465
301 467
301 470
301 473
301 474
301 483
301 492
302 314
302 318
302 324
302 326
302 339
302 342
302 352
302 379
302 394
302 420
302 421
302 430
302 445
302 467
302 470
302 474
302 478
302 489
302 495
302 500
303 305
303 306
303 310
303 323
303 333
303 343
303 349
303 357
303 358
303 359
303 389
303 405
303 417
303 430
303 437
303 441
303 443
303 448
303 451
303 455
303 458
303 459
303 473
303 475
303 479
303 493
303 496
304 311
304 314
304 326
304 350
304 358
304 371
304 381
304 399
304 411
304 412
304 418
304 420
304 430
304 434
304 435
304 467
304 468
304 471
304 472
304 484
304 486
304 494
304 500
305 306
305 334
305 361
305 364
305 389
305 425
305 427
305 442
305 445
305 479
305 482
305 483
306 333
306 339
306 361
306 377
306 378
306 384
306 403
306 404
306 413
306 434
306 439
306 459
306 470
307 322
307 323
307 325
307 326
307 327
307 336
307 360
307 361
307 365
307 369
307 376
307 382
307 462
307 490
307 493
308 310
308 311
308 312
308 316
308 320
308 339
308 370
308 387
308 412
308 413
308 415
308 424
308 426
308 427
308 433
308 438
308 447
308 453
308 472
308 474
308 476
308 488
309 315
309 317
309 329
309 332
309 349
309 359
309 367
309 375
309 400
309 404
309 413
309 425
309 452
309 459
309 464
309 469
309 472
309 498
310 316
310 318
310 325
310 334
310 343
310 353
310 357
310 361
310 364
310 371
310 376
310 393
310 416
310 437
310 451
310 453
310 460
311 315
311 322
311 342
311 350
311 372
311 381
311 383
311 384
311 395
311 398
311 404
311 406
311 422
311 425
311 449
311 462
311 465
311 479
311 491
311 495
312 321
312 323
312 329
312 331
312 336
312 341
312 350
312 354
312 355
312 374
312 381
312 389
312 423
312 435
312 439
312 464
312 472
312 485
312 498
313 333
313 340
313 351
313 353
313 361
313 384
313 423
313 450
313 453
313 458
313 473
313 487
314 316
314 345
314 347
314 368
314 371
314 376
314 377
314 393
314 404
314 409
314 422
314 424
314 425
314 436
314 440
314 454
314 458
314 475
314 476
314 487
314 489
314 497
315 356
315 358
315 362
315 363
315 364
315 370
315 382
315 388
315 399
315 476
315 484
315 486
315 487
315 493
315 497
316 324
316 327
316 332
316 338
316 347
316 377
316 381
316 399
316 407
316 423
316 435
316 445
316 452
316 458
316 461
316 464
316 467
316 499
317 321
317 326
317 344
317 347
317 354
317 356
317 366
317 367
317 370
317 391
317 395
317 398
317 408
317 415
317 424
317 440
317 462
317 476
317 489
317 498
317 500
318 331
318 337
318 350
318 364
318 371
318 373
318 377
318 381
318 382
318 392
318 402
318 416
318 417
318 434
318 453
318 456
318 500
319 322
319 328
319 333
319 336
319 341
319 348
319 351
319 353
319 357
319 358
319 365
319 368
319 371
319 385
319 399
319 405
319 414
319 416
319 440
319 450
319 461
319 471
319 475
319 477
319 487
319 498
320 336
320 348
320 373
320 374
320 375
320 385
320 407
320 412
320 417
320 440
320 453
320 459
320 494
320 498
321 335
321 340
321 345
321 354
321 358
321 364
321 365
321 372
321 397
321 406
321 427
321 432
321 440
321 455
321 457
321 472
321 482
321 497
322 332
322 334
322 346
322 350
322 377
322 383
322 395
322 401
322 411
322 414
322 429
322 434
322 435
322 442
322 464
322 476
322 483
322 500
323 325
323 327
323 335
323 338
323 344
323 347
323 354
323 356
323 362
323 373
323 400
323 405
323 407
323 408
323 444
323 490
324 336
324 338
324 341
324 342
324 343
324 351
324 358
324 362
324 364
324 372
324 375
324 380
324 390
324 445
324 453
324 455
324 487
324 488
325 329
325 339
325 341
325 352
325 353
325 365
325 371
325 392
325 396
325 411
325 423
325 427
325 461
325 465
325 486
325 488
326 346
326 359
326 366
326 384
326 401
326 424
326 446
326 458
326 478
326 489
326 490
326 495
326 497
327 333
327 339
327 346
327 348
327 350
327 352
327 359
327 385
327 388
327 390
327 393
327 399
327 422
327 430
327 436
327 440
327 451
327 476
327 480
327 484
327 488
328 331
328 364
328 374
328 379
328 398
328 412
328 413
328 417
328 436
328 449
328 450
328 463
328 498
329 335
329 336
329 365
329 369
329 391
329 407
329 409
329 421
329 430
329 432
329 435
329 448
329 450
329 464
329 478
329 479
329 487
329 494
330 336
330 370
330 373
330 379
330 384
330 394
330 396
330 402
330 412
330 420
330 421
330 430
330 431
330 453
330 460
330 463
330 469
330 490
331 334
331 363
331 368
331 373
331 376
331 407
331 423
331 425
331 447
331 459
331 462
331 468
331 474
331 477
331 489
332 333
332 355
332 368
332 380
332 384
332 388
332 396
332 402
332 405
332 406
332 428
332 431
332 434
332 441
332 444
332 449
332 452
332 453
332 457
332 458
332 466
332 481
332 482
332 484
332 492
333 335
333 342
333 355
333 356
333 371
333 417
333 421
333 424
333 433
333 442
333 444
333 446
333 452
333 474
333 479
333 485
333 491
334 359
334 370
334 380
334 394
334 395
334 409
334 410
334 412
334 428
334 431
334 432
334 437
334 450
334 460
334 480
334 489
334 493
334 500
335 340
335 341
335 350
335 353
335 382
335 395
335 397
335 413
335 415
335 419
335 421
335 439
335 442
335 448
335 451
335 470
336 351
336 357
336 364
336 372
336 376
336 383
336 384
336 403
336 420
336 422
336 427
336 437
336 440
336 445
336 460
336 468
336 479
336 491
337 341
337 365
337 372
337 374
337 382
337 394
337 406
337 420
337 428
337 435
337 439
337 440
337 458
337 464
337 472
337 484
338 364
338 371
338 378
338 387
338 409
338 414
338 415
338 436
338 438
338 442
338 450
338 460
338 469
338 474
338 482
338 487
338 496
339 355
339 394
339 399
339 408
339 421
339 456
339 458
339 462
339 464
339 465
339 466
339 468
339 481
340 355
340 364
340 367
340 370
340 400
340 411
340 414
340 460
340 461
340 474
340 483
340 495
341 343
341 357
341 369
341 376
341 388
341 413
341 416
341 423
341 424
341 431
341 434
341 441
341 454
341 478
341 499
342 349
342 353
342 420
342 421
342 452
342 453
342 465
342 467
342 469
342 492
343 344
343 352
343 359
343 379
343 390
343 395
343 403
343 407
343 409
343 412
343 427
343 448
343 470
343 471
343 472
343 475
343 487
343 493
344 362
344 367
344 404
344 405
344 409
344 414
344 415
344 424
344 432
344 458
344 461
344 466
344 470
344 478
344 486
344 497
345 377
345 394
345 419
345 421
345 423
345 427
345 429
345 433
345 438
345 447
345 455
345 486
345 500
346 353
346 356
346 358
346 364
346 372
346 377
346 389
346 403
346 405
346 413
346 429
346 432
346 434
346 435
346 450
346 453
346 454
346 465
346 496
346 498
347 348
347 376
347 391
347 408
347 423
347 428
347 429
347 442
347 445
347 464
347 465
347 466
347 482
347 483
347 487
347 491
347 495
347 496
348 350
348 352
348 355
348 368
348 373
348 374
348 384
348 385
348 387
348 403
348 407
348 424
348 432
348 439
348 440
348 445
348 482
349 350
349 366
349 368
349 376
349 382
349 387
349 388
349 399
349 417
349 427
349 431
349 444
349 445
349 447
349 465
349 472
349 487
349 497
350 381
350 383
350 385
350 394
350 399
350 413
350 414
350 415
350 422
350 424
350 431
350 444
350 457
350 458
350 470
350 471
350 483
350 484
350 489
350 496
351 356
351 368
351 374
351 378
351 401
351 404
351 415
351 416
351 429
351 453
351 461
351 475
351 479
351 481
351 491
351 493
351 495
351 498
352 369
352 389
352 392
352 414
352 419
352 423
352 436
352 440
352 444
352 456
352 469
352 472
353 357
353 366
353 373
353 383
353 388
353 395
353 407
353 430
353 464
353 480
353 486
353 496
353 498
354 356
354 359
354 365
354 378
354 380
354 391
354 399
354 429
354 434
354 447
354 471
354 484
354 485
354 486
354 489
355 358
355 366
355 382
355 391
355 405
355 407
355 411
355 421
355 444
355 455
355 462
355 466
355 473
355 476
355 482
356 391
356 406
356 416
356 444
356 457
356 463
356 475
356 478
356 492
357 362
357 365
357 371
357 375
357 388
357 389
357 399
357 405
357 410
357 411
357 418
357 434
357 435
357 437
357 450
357 455
357 458
357 468
357 471
357 478
358 360
358 372
358 380
358 406
358 407
358 412
358 420
358 426
358 429
358 453
358 454
358 456
358 477
358 478
358 480
358 489
359 378
359 381
359 394
359 397
359 430
359 461
359 463
359 467
359 473
359 484
359 490
359 500
360 361
360 363
360 366
360 421
360 430
360 431
360 432
360 433
360 444
360 463
360 466
360 467
360 480
360 484
361 363
361 382
361 421
361 425
361 426
361 430
361 432
361 435
361 442
361 446
361 448
361 466
361 471
361 474
361 476
361 488
362 366
362 391
362 401
362 412
362 416
362 426
362 442
362 454
362 499
362 500
363 370
363 373
363 383
363 392
363 402
363 407
363 408
363 409
363 413
363 436
363 453
363 469
363 484
363 494
363 499
364 367
364 381
364 384
364 398
364 417
364 423
364 446
364 459
364 462
364 473
365 373
365 376
365 397
365 417
365 418
365 421
365 441
365 464
365 465
365 469
365 472
365 479
365 493
366 370
366 378
366 379
366 398
366 404
366 407
366 413
366 415
366 421
366 427
366 435
366 439
366 443
366 445
366 461
366 474
366 482
366 485
367 370
367 396
367 416
367 418
367 425
367 431
367 442
367 459
367 480
367 483
367 488
368 374
368 383
368 386
368 395
368 409
368 410
368 411
368 413
368 416
368 422
368 444
368 468
368 470
368 483
368 486
368 489
369 370
369 377
369 421
369 434
369 440
369 450
369 456
369 468
369 471
369 477
369 480
369 488
370 380
370 385
370 417
370 427
370 430
370 434
370 444
370 445
370 446
370 464
370 484
370 491
370 492
371 399
371 400
371 407
371 408
371 416
371 418
371 422
371 427
371 436
371 449
371 456
371 488
371 489
371 492
371 497
372 381
372 383
372 401
372 403
372 432
372 437
372 448
372 452
372 455
372 466
372 468
372 494
372 497
372 500
373 374
373 376
373 386
373 393
373 421
373 426
373 428
373 429
373 430
373 434
373 444
373 450
373 453
373 458
373 460
373 463
373 488
374 376
374 377
374 382
374 392
374 395
374 397
374 400
374 414
374 424
374 436
374 441
374 443
374 467
374 473
374 486
374 488
375 382
375 397
375 401
375 413
375 415
375 424
375 439
375 440
375 447
375 473
375 498
376 383
376 393
376 397
376 399
376 407
376 414
376 415
376 434
376 437
376 443
376 446
376 480
376 485
376 487
377 381
377 385
377 395
377 407
377 408
377 416
377 436
377 440
377 446
377 449
377 453
377 454
377 458
377 462
377 472
377 478
377 479
377 488
378 387
378 388
378 390
378 403
378 406
378 412
378 426
378 437
378 441
378 458
378 461
378 464
378 469
378 473
378 481
378 489
378 490
379 381
379 388
379 403
379 407
379 408
379 411
379 433
379 437
379 470
379 472
379 480
379 488
380 386
380 400
380 405
380 418
380 421
380 430
380 449
380 461
380 466
380 485
380 492
380 493
380 499
381 394
381 484
381 490
382 396
382 409
382 410
382 420
382 423
382 439
382 454
382 455
382 480
382 499
383 405
383 424
383 437
383 438
383 451
383 466
383 477
383 478
383 489
384 387
384 391
384 402
384 406
384 411
384 420
384 440
384 441
384 450
384 458
384 462
384 465
384 466
384 492
385 402
385 413
385 414
385 426
385 428
385 437
385 439
385 444
385 456
385 471
385 482
385 486
385 491
385 495
386 393
386 417
386 423
386 450
386 457
386 474
386 484
386 491
387 396
387 397
387 406
387 426
387 439
387 452
387 455
387 478
388 390
388 394
388 401
388 412
388 413
388 419
388 420
388 421
388 428
388 429
388 430
388 432
388 438
388 452
388 458
388 463
388 466
388 477
388 481
389 395
389 399
389 418
389 426
389 430
389 435
389 437
389 439
389 444
389 450
389 457
389 478
389 491
390 396
390 411
390 412
390 425
390 430
390 433
390 450
390 477
390 488
390 496
391 435
391 439
391 443
391 449
391 454
391 466
391 470
391 472
391 475
391 482
391 484
391 489
391 491
391 494
391 495
392 407
392 409
392 414
392 417
392 422
392 437
392 438
392 450
392 455
392 466
392 472
392 493
392 494
393 397
393 402
393 408
393 410
393 459
393 462
393 463
393 467
393 470
393 487
393 498
394 401
394 403
394 427
394 430
394 433
394 436
394 437
394 438
394 442
394 445
394 447
394 460
394 478
394 492
395 403
395 421
395 444
395 447
395 492
395 493
396 402
396 407
396 418
396 423
396 429
396 434
396 442
396 466
396 475
396 480
396 498
396 500
397 406
397 410
397 413
397 417
397 431
397 445
397 448
397 460
397 480
397 484
397 485
398 400
398 401
398 403
398 411
398 443
398 452
398 461
398 471
398 477
398 480
399 419
399 429
399 436
399 448
399 451
399 453
399 454
399 461
399 472
399 482
399 485
399 491
399 495
400 403
400 405
400 452
400 476
401 404
401 422
401 427
401 440
401 442
401 443
401 448
401 452
401 463
401 469
401 498
402 405
402 410
402 416
402 417
402 418
402 433
402 439
402 453
402 457
402 469
402 472
402 473
402 475
402 485
402 496
403 409
403 435
403 440
403 446
403 461
403 473
403 478
403 495
404 406
404 414
404 421
404 424
404 429
404 450
404 452
404 455
404 458
404 483
404 484
404 494
404 495
404 497
405 425
405 426
405 451
405 453
405 455
405 478
405 487
405 491
405 495
406 415
406 429
406 455
406 460
406 476
406 482
406 483
406 493
406 497
407 413
407 418
407 420
407 426
407 427
407 428
407 429
407 446
407 456
407 458
407 471
407 492
407 494
408 419
408 420
408 424
408 428
408 444
408 461
408 466
408 495
408 496
409 417
409 424
409 427
409 430
409 439
409 440
409 455
409 473
409 489
409 492
410 411
410 424
410 429
410 433
410 435
410 438
410 443
410 456
410 471
411 418
411 422
411 436
411 438
411 444
411 459
411 475
411 479
411 481
411 482
411 500
412 419
412 420
412 435
412 439
412 441
412 443
412 456
412 469
412 471
412 475
412 487
412 489
412 496
413 423
413 424
413 466
413 477
413 479
413 492
413 498
413 500
414 437
414 445
414 451
414 479
414 493
414 498
415 433
415 434
415 450
415 471
415 487
415 498
416 444
416 452
416 455
416 485
416 487
416 500
417 418
417 419
417 425
417 439
417 447
417 449
417 467
417 500
418 420
418 434
418 437
418 443
418 446
418 471
418 489
419 421
419 432
419 448
419 454
419 467
419 478
419 497
419 499
420 445
420 454
420 457
420 460
420 474
420 479
420 487
421 426
421 435
421 460
421 468
421 474
421 483
421 495
421 497
421 498
422 424
422 425
422 438
422 447
422 454
422 458
422 467
422 487
422 492
422 500
423 432
423 449
423 458
423 476
423 493
424 439
424 441
424 455
424 463
424 472
424 483
424 487
424 488
424 497
425 434
425 449
425 463
425 464
425 470
425 473
425 479
425 485
425 492
426 436
426 448
426 455
426 460
426 473
426 484
426 496
427 428
427 440
427 443
427 445
427 449
427 455
427 464
427 478
427 482
427 488
427 490
427 491
427 493
427 496
428 434
428 445
428 457
428 466
429 434
429 441
429 443
429 454
429 459
429 470
429 479
429 486
429 492
430 438
430 447
430 470
430 483
431 432
431 456
431 460
431 465
431 485
431 492
432 476
432 494
432 500
433 437
433 438
433 463
433 469
434 447
434 457
434 459
434 460
434 480
434 485
435 440
435 456
435 485
435 488
435 489
436 437
436 451
436 458
436 463
436 466
436 477
436 483
436 492
436 493
436 497
436 498
436 499
437 441
437 442
437 447
437 453
437 456
437 481
437 484
437 496
437 497
438 440
438 444
438 455
438 468
438 481
438 482
438 489
439 451
439 456
439 473
439 475
439 480
439 483
439 492
439 496
440 451
440 463
440 470
440 479
440 485
440 487
441 457
441 467
442 468
442 471
442 485
442 496
443 456
443 459
443 460
443 465
443 468
443 473
443 480
443 486
443 488
443 489
444 445
444 468
444 487
445 450
445 462
445 469
445 480
445 493
445 494
445 500
447 460
447 461
447 481
447 485
447 491
447 497
447 500
448 469
448 477
448 484
448 488
448 493
448 498
449 450
449 455
449 462
449 464
449 469
449 471
450 452
450 461
450 468
450 474
450 489
451 456
451 471
451 485
452 459
452 463
452 488
452 491
452 493
452 500
453 463
453 466
453 467
453 468
453 481
453 491
453 493
453 497
454 456
454 458
454 469
454 470
454 472
454 475
454 483
454 486
454 489
455 457
455 460
455 464
455 465
455 467
455 479
456 467
456 477
456 481
457 464
457 471
457 474
457 482
457 493
457 494
458 460
458 497
459 487
460 468
460 472
460 486
461 470
461 473
461 485
461 491
461 494
462 465
462 467
462 469
462 478
462 499
463 466
463 478
463 486
463 495
464 473
464 477
465 490
465 496
465 497
466 496
468 483
468 486
468 488
468 500
469 474
469 482
469 486
469 495
470 471
470 474
470 486
471 473
471 480
471 485
471 490
472 482
472 484
472 493
473 478
473 496
474 491
475 484
475 486
475 489
475 492
476 481
476 482
476 490
476 499
477 485
478 482
478 490
479 481
479 485
481 488
481 496
482 487
482 490
482 492
482 497
482 498
483 486
483 487
483 497
484 498
485 486
485 494
486 494
487 488
489 497
489 499
491 492
495 497
