71
34
66
3
26
12
27
37
17
25
10
50
58
47
13
21
15
34
46
18
32
32
53
34
8
54
61
48
3
37
10
35
55
13
19
2
44
6
29
17
1
37
8
30
17
15
56
64
41
14
21
24
37
23
18
31
41
3
56
12
64
12
7
12
2
36
11
47
34
3
17
45
11
65
24
16
11
63
58
62
11
20
63
34
13
25
19
46
33
39
30
33
40
9
13
1
41
5
21
29
41
13
10
25
38
23
68
27
39
25
37
18
46
40
7
33
67
13
38
55
59
49
2
23
35
3
64
42
14
50
67
65
37
14
34
4
13
8
45
8
28
11
30
21
15
61
11
4
8
57
15
20
32
21
9
28
7
33
53
17
58
42
59
19
48
52
23
7
69
48
50
60
12
24
52
1
32
40
15
46
19
69
28
63
46
7
25
11
45
31
16
52
6
70
60
2
57
3
65
29
34
57
13
42
49
5
50
4
13
17
57
43
32
49
4
39
63
15
66
68
3
47
43
14
43
28
36
16
35
17
30
19
1
28
35
55
38
7
10
38
19
36
9
33
7
56
63
6
23
41
62
20
69
5
44
54
38
47
49
44
51
52
10
56
27
69
36
41
45
2
33
55
40
53
13
8
39
27
14
27
25
59
41
46
53
66
37
24
67
54
21
27
20
16
27
51
35
22
48
4
40
57
49
29
2
66
8
1
23
30
20
13
14
44
47
35
29
64
6
37
18
66
62
54
4
52
32
6
1
31
36
22
26
31
11
56
52
5
9
42
48
59
44
67
5
58
9
50
1
15
65
58
1
12
61
27
51
8
30
58
26
49
51
53
9
7
9
26
26
45
42
56
43
35
43
19
36
43
38
32
22
21
22
57
18
22
20
22
12
53
26
16
57
45
36
52
40
26
22
24
10
53
15
20
28
52
33
1
31
49
34
4
31
5
24
18
12
21
42
43
34
10
44
31
61
39
16
51
22
10
17
26
25
48
14
3
62
48
2
63
39
68
33
14
5
71
64
42
55
29
38
9
54
20
59
4
16
55
2
45
23
61
50
15
40
44
28
70
21
30
29
47
16
63
44
60
19
5
56
50
60
22
48
24
38
20
58
61
65
27
62
9
36
6
39
66
42
31
5
19
30
