175
42
103
18
61
2
87
141
24
88
143
72
51
157
64
41
124
111
83
41
166
121
89
125
30
150
100
14
37
143
161
102
40
20
135
14
25
37
89
6
55
140
170
158
12
46
74
113
91
80
69
105
152
99
170
132
76
126
104
128
145
157
99
36
1
160
129
62
69
138
8
158
26
50
84
30
79
109
45
141
57
75
73
68
117
83
175
93
17
57
123
114
88
155
38
53
28
1
110
68
20
5
165
131
40
108
40
68
63
82
166
137
51
144
97
146
164
7
71
122
21
59
124
129
116
90
40
23
8
134
50
153
154
94
87
96
104
77
27
60
155
11
3
27
86
138
35
162
2
129
14
168
44
80
47
143
128
15
49
35
90
36
122
53
60
116
134
103
50
5
43
164
64
95
13
149
94
147
131
109
145
29
52
127
33
60
125
12
107
151
75
97
4
1
78
18
119
44
16
113
103
28
61
39
73
11
38
72
111
58
74
76
28
48
96
119
66
84
25
10
108
37
56
58
19
125
11
86
106
124
6
43
9
57
118
56
85
130
106
160
31
118
7
121
101
75
98
167
18
65
85
53
47
11
63
121
15
150
174
48
33
69
112
95
127
93
39
118
165
142
152
34
102
83
76
65
72
66
100
29
31
138
115
58
74
34
115
31
70
169
163
123
148
44
132
96
67
83
3
54
32
98
120
154
136
91
144
15
146
112
33
161
73
108
82
162
29
37
108
139
136
46
32
98
47
119
34
100
62
53
101
55
31
52
151
114
71
23
3
145
49
64
63
105
79
95
102
112
133
82
42
46
92
163
45
48
22
137
8
148
92
82
36
38
107
104
13
6
41
2
6
19
106
22
140
167
124
5
84
156
52
54
71
93
35
133
24
39
88
21
92
41
12
86
7
159
140
42
131
4
116
79
19
61
80
22
70
97
90
63
62
25
21
56
123
78
138
48
81
130
130
120
17
81
137
65
26
155
110
10
148
43
61
87
45
70
9
148
99
151
33
13
132
146
172
135
20
126
156
76
27
23
1
49
77
85
173
94
10
77
115
16
109
3
153
89
114
107
159
126
67
51
145
26
117
54
167
105
46
32
92
59
30
117
142
171
134
139
66
142
4
24
17
59
9
102
23
88
147
16
81
