44
16
38
37
18
41
2
1
34
12
10
23
1
22
9
5
25
38
27
20
35
29
20
33
7
21
16
40
17
11
21
12
17
18
18
25
11
33
2
23
21
2
35
25
27
33
7
17
31
29
8
26
19
22
4
27
3
6
16
16
14
42
19
13
2
2
30
11
8
17
6
37
21
29
17
5
7
10
13
2
27
29
15
6
4
44
12
35
22
6
38
33
20
5
11
18
28
32
16
27
28
18
19
3
39
37
13
28
27
12
5
23
30
9
20
4
10
14
6
32
6
21
10
21
26
1
7
23
9
22
26
41
24
8
8
1
39
12
28
13
34
32
12
34
16
16
7
18
2
11
17
14
8
4
10
22
3
28
32
27
18
5
35
10
15
40
25
24
31
4
30
2
30
9
31
10
26
33
30
12
3
8
40
32
24
29
21
37
8
26
32
14
15
18
15
12
11
11
17
26
28
24
40
43
4
10
2
42
9
7
9
21
35
30
32
3
26
4
17
16
14
21
1
18
4
2
20
1
39
24
31
26
2
15
1
24
5
36
8
14
35
26
8
11
8
29
35
32
3
1
27
20
32
2
20
19
36
8
19
14
35
20
26
6
36
25
14
17
13
19
26
1
16
20
20
5
21
5
11
14
9
15
36
26
18
9
5
3
14
13
25
6
7
1
9
24
25
10
15
3
34
19
15
12
28
28
13
6
3
3
31
23
30
33
1
29
36
31
39
23
4
5
20
18
15
15
21
2
7
28
38
22
7
27
27
12
34
33
19
17
24
29
41
21
36
7
8
39
3
5
5
8
1
19
35
22
15
2
11
7
19
39
20
23
15
3
33
1
23
34
28
24
37
22
27
6
12
9
11
4
4
12
2
36
28
17
16
9
9
19
25
36
6
7
26
21
4
26
5
16
14
40
12
42
25
19
29
17
34
10
32
5
33
10
7
43
9
13
38
10
9
9
22
38
31
28
23
40
3
17
9
38
4
18
31
20
41
29
11
31
15
11
5
30
1
7
13
27
37
18
34
27
16
12
10
37
22
22
30
27
25
29
35
20
6
23
8
31
13
23
20
6
13
33
13
6
12
24
22
24
38
21
19
22
10
16
11
2
31
4
31
4
14
33
39
3
32
25
34
41
7
