107
13
67
66
32
32
87
19
76
54
11
6
39
38
33
98
55
26
22
56
73
59
80
23
84
23
45
99
2
47
52
70
102
6
64
71
36
100
80
11
40
40
90
21
105
2
101
58
83
86
11
6
11
77
56
50
24
44
88
60
42
1
81
3
94
92
33
13
39
81
40
89
47
68
22
50
39
45
37
90
44
47
17
77
82
35
51
15
93
68
81
42
23
53
87
60
60
14
28
106
30
91
35
34
12
25
55
57
48
52
21
21
31
36
1
46
65
46
7
54
59
32
8
24
76
90
75
31
51
83
78
2
19
45
14
46
25
65
35
35
56
49
105
60
40
46
101
39
49
20
62
91
24
56
38
70
26
30
13
55
1
68
22
73
86
66
79
86
22
11
54
60
92
20
75
84
76
68
15
85
23
96
21
88
81
48
52
76
5
75
29
58
57
33
42
43
47
18
73
61
9
2
54
17
75
69
49
69
96
31
86
28
65
103
7
63
85
14
72
98
4
51
18
51
97
3
16
5
4
8
27
72
52
4
32
93
24
77
58
53
15
47
7
36
28
91
64
74
15
33
88
32
6
4
5
15
22
6
25
16
64
34
16
24
73
10
69
18
65
87
49
21
16
9
95
31
74
5
42
42
82
8
93
14
105
104
82
34
10
33
91
32
5
56
41
67
84
63
45
27
16
51
59
64
34
63
19
13
9
12
27
66
61
25
83
101
29
95
20
69
106
89
39
7
43
4
40
44
23
14
57
53
17
29
29
102
53
12
19
8
30
95
43
9
2
25
50
26
97
30
10
27
103
62
67
44
41
14
66
37
104
88
95
26
57
99
98
10
80
7
74
17
3
20
96
63
79
29
96
36
36
8
94
104
87
46
77
71
54
85
7
19
41
55
37
18
65
74
9
8
59
1
50
97
71
26
5
52
89
55
16
82
38
85
63
20
72
98
27
27
53
29
43
106
62
38
62
10
77
31
75
45
93
78
30
72
44
18
28
99
78
92
19
43
48
20
30
83
3
36
2
1
12
91
18
72
37
13
35
37
6
61
4
94
28
100
107
3
34
23
12
3
79
49
100
59
63
7
48
14
46
17
71
41
67
84
14
70
93
41
61
64
78
57
81
58
45
76
72
79
61
