18
5
11
9
14
11
1
6
2
10
4
5
8
16
11
3
12
16
2
7
5
13
7
4
5
13
11
14
2
4
17
5
14
3
16
5
9
12
3
12
17
10
10
15
17
5
2
2
4
17
6
5
15
14
7
2
8
4
8
11
14
14
4
1
5
9
5
9
5
6
14
5
10
15
9
7
13
6
7
13
8
7
13
11
4
13
16
1
14
1
1
8
8
11
12
1
13
1
4
5
8
1
10
2
4
1
13
4
6
3
7
12
15
5
5
18
1
16
6
4
6
13
2
15
4
3
1
8
6
4
5
3
8
6
8
5
17
2
8
13
7
2
14
4
17
10
3
8
12
3
3
2
4
1
15
15
4
16
4
6
2
1
3
5
13
9
11
18
5
2
2
11
10
15
2
2
10
12
9
9
2
7
8
5
10
9
1
8
15
2
3
7
17
1
1
1
3
5
4
9
18
5
9
1
12
7
9
2
13
5
11
3
15
6
14
10
1
10
13
8
11
3
4
11
11
13
2
8
13
3
4
5
9
1
1
2
8
11
10
7
6
17
6
2
7
7
18
9
6
15
3
1
6
10
3
9
2
9
3
13
1
10
6
9
6
16
11
5
8
5
8
8
1
6
12
14
5
10
5
4
11
7
16
9
2
9
2
12
6
16
18
8
1
16
9
8
10
4
1
12
14
4
11
14
10
7
6
3
16
6
3
9
2
5
13
10
10
10
5
7
18
8
2
10
9
9
13
7
10
8
15
4
11
9
10
5
10
10
13
4
16
8
13
12
7
15
4
2
9
12
3
13
10
2
3
10
18
4
5
16
16
4
1
15
6
2
15
5
8
13
7
12
7
13
6
2
5
7
11
7
15
12
8
11
14
2
5
3
5
9
3
13
7
15
7
4
13
11
8
1
13
3
12
1
4
6
7
11
9
3
9
5
6
1
14
11
4
8
14
7
7
3
4
7
5
1
7
4
6
12
6
14
1
14
9
7
8
12
10
7
6
15
11
7
6
17
12
5
9
6
16
4
1
8
10
2
8
17
6
16
8
3
12
12
3
3
3
14
5
1
2
1
3
8
12
3
9
10
2
3
6
7
6
1
14
13
4
3
8
1
7
15
9
5
2
14
10
9
12
17
3
